,Unnamed: 0,month,date,deviceCategory,totalTransactionRevenue,isTrsacationRevenue,channelGrouping,continent,bounces
0,0,201701,20170101,desktop,0.0,0.0,Organic Search,Americas,1.0
1,1,201701,20170101,desktop,0.0,0.0,Organic Search,Asia,1.0
2,2,201701,20170101,desktop,0.0,0.0,Organic Search,Americas,1.0
3,3,201701,20170101,desktop,0.0,0.0,Organic Search,Americas,1.0
4,4,201701,20170101,mobile,0.0,0.0,Organic Search,Americas,0.0
5,5,201701,20170101,desktop,0.0,0.0,Direct,Americas,0.0
6,6,201701,20170101,tablet,0.0,0.0,Organic Search,Americas,0.0
7,7,201701,20170101,desktop,0.0,0.0,Organic Search,Americas,0.0
8,8,201701,20170101,mobile,0.0,0.0,Direct,Americas,0.0
9,9,201701,20170101,desktop,0.0,0.0,Paid Search,Americas,0.0
10,10,201701,20170101,desktop,0.0,0.0,Organic Search,Asia,0.0
11,11,201701,20170101,mobile,0.0,0.0,Organic Search,Asia,0.0
12,12,201701,20170101,mobile,0.0,0.0,Organic Search,Americas,0.0
13,13,201701,20170101,tablet,0.0,0.0,Organic Search,Europe,0.0
14,14,201701,20170101,desktop,0.0,0.0,Organic Search,Europe,1.0
15,15,201701,20170101,desktop,0.0,0.0,Paid Search,Americas,0.0
16,16,201701,20170101,desktop,0.0,0.0,Organic Search,Americas,0.0
17,17,201701,20170101,desktop,0.0,0.0,Organic Search,Asia,0.0
18,18,201701,20170101,desktop,0.0,0.0,Organic Search,Americas,0.0
19,19,201701,20170101,tablet,0.0,0.0,Paid Search,Americas,0.0
20,20,201701,20170101,desktop,0.0,0.0,Organic Search,Asia,0.0
21,21,201701,20170101,desktop,0.0,0.0,Referral,Asia,0.0
22,22,201701,20170101,desktop,0.0,0.0,Organic Search,Europe,0.0
23,23,201701,20170101,mobile,0.0,0.0,Organic Search,Europe,0.0
24,24,201701,20170101,tablet,0.0,0.0,Organic Search,Europe,0.0
25,25,201701,20170101,desktop,0.0,0.0,Organic Search,Europe,1.0
26,26,201701,20170101,mobile,0.0,0.0,Paid Search,Americas,0.0
27,27,201701,20170101,desktop,0.0,0.0,Organic Search,Americas,0.0
28,28,201701,20170101,desktop,0.0,0.0,Referral,Americas,0.0
29,29,201701,20170101,desktop,0.0,0.0,Organic Search,Asia,0.0
30,30,201701,20170101,desktop,4.99,1.0,Organic Search,Americas,0.0
31,31,201701,20170101,desktop,0.0,0.0,Referral,Asia,0.0
32,32,201701,20170101,tablet,0.0,0.0,Organic Search,Asia,0.0
33,33,201701,20170101,tablet,0.0,0.0,Organic Search,Americas,0.0
34,34,201701,20170101,desktop,0.0,0.0,Organic Search,Americas,0.0
35,35,201701,20170101,mobile,0.0,0.0,Organic Search,Europe,0.0
36,36,201701,20170101,mobile,0.0,0.0,Direct,Americas,1.0
37,37,201701,20170101,desktop,27.98,1.0,Organic Search,Americas,0.0
38,38,201701,20170101,desktop,0.0,0.0,Paid Search,Europe,0.0
39,39,201701,20170101,desktop,0.0,0.0,Organic Search,Americas,0.0
40,40,201701,20170101,desktop,0.0,0.0,Direct,Americas,0.0
41,41,201701,20170101,desktop,0.0,0.0,Organic Search,Europe,0.0
42,42,201701,20170101,mobile,0.0,0.0,Organic Search,Asia,0.0
43,43,201701,20170101,desktop,0.0,0.0,Organic Search,Americas,0.0
44,44,201701,20170101,desktop,0.0,0.0,Organic Search,Europe,0.0
45,45,201701,20170101,tablet,0.0,0.0,Organic Search,Americas,0.0
46,46,201701,20170101,desktop,0.0,0.0,Organic Search,Europe,0.0
47,47,201701,20170101,tablet,0.0,0.0,Organic Search,Europe,1.0
48,48,201701,20170101,desktop,0.0,0.0,Direct,Europe,0.0
49,49,201701,20170101,desktop,0.0,0.0,Paid Search,Americas,0.0
50,50,201701,20170101,mobile,0.0,0.0,Organic Search,Americas,0.0
51,51,201701,20170101,desktop,0.0,0.0,Organic Search,Americas,0.0
52,52,201701,20170101,desktop,62.99,1.0,Organic Search,Americas,0.0
53,53,201701,20170101,desktop,0.0,0.0,Organic Search,Americas,0.0
54,54,201701,20170101,mobile,0.0,0.0,Organic Search,Americas,0.0
55,55,201701,20170101,desktop,30.98,1.0,Organic Search,Americas,0.0
56,56,201701,20170101,desktop,0.0,0.0,Organic Search,Americas,0.0
57,57,201701,20170101,mobile,0.0,0.0,Affiliates,Asia,0.0
58,58,201701,20170101,desktop,0.0,0.0,Direct,Americas,1.0
59,59,201701,20170101,desktop,0.0,0.0,Organic Search,Americas,0.0
60,60,201701,20170101,desktop,0.0,0.0,Organic Search,Asia,0.0
61,61,201701,20170101,tablet,0.0,0.0,Direct,Americas,0.0
62,62,201701,20170101,desktop,0.0,0.0,Direct,Africa,0.0
63,63,201701,20170101,mobile,0.0,0.0,Organic Search,Americas,0.0
64,64,201701,20170101,mobile,0.0,0.0,Organic Search,Americas,0.0
65,65,201701,20170101,desktop,0.0,0.0,Organic Search,Americas,0.0
66,66,201701,20170101,tablet,0.0,0.0,Organic Search,Asia,0.0
67,67,201701,20170101,mobile,0.0,0.0,Direct,Oceania,0.0
68,68,201701,20170101,desktop,0.0,0.0,Organic Search,Americas,0.0
69,69,201701,20170101,tablet,0.0,0.0,Paid Search,Americas,1.0
70,70,201701,20170101,desktop,0.0,0.0,Organic Search,Americas,0.0
71,71,201701,20170101,mobile,0.0,0.0,Display,Americas,0.0
72,72,201701,20170101,desktop,0.0,0.0,Organic Search,Asia,0.0
73,73,201701,20170101,mobile,0.0,0.0,Organic Search,Americas,0.0
74,74,201701,20170101,mobile,0.0,0.0,Direct,Asia,0.0
75,75,201701,20170101,desktop,0.0,0.0,Organic Search,Americas,0.0
76,76,201701,20170101,tablet,0.0,0.0,Organic Search,Americas,0.0
77,77,201701,20170101,desktop,0.0,0.0,Organic Search,Americas,0.0
78,78,201701,20170101,desktop,0.0,0.0,Organic Search,Asia,0.0
79,79,201701,20170101,mobile,0.0,0.0,Organic Search,Europe,0.0
80,80,201701,20170101,desktop,0.0,0.0,Organic Search,Asia,1.0
81,81,201701,20170101,mobile,0.0,0.0,Direct,Europe,0.0
82,82,201701,20170101,desktop,0.0,0.0,Organic Search,Europe,0.0
83,83,201701,20170101,desktop,0.0,0.0,Direct,Americas,0.0
84,84,201701,20170101,desktop,44.57,1.0,Referral,Americas,0.0
85,85,201701,20170101,desktop,79.18,1.0,Referral,Americas,0.0
86,86,201701,20170101,desktop,433.07,1.0,Referral,Americas,0.0
87,87,201701,20170101,desktop,0.0,0.0,Organic Search,Americas,0.0
88,88,201701,20170101,desktop,83.18,1.0,Referral,Americas,0.0
89,89,201701,20170101,desktop,53.96,1.0,Organic Search,Americas,0.0
90,90,201701,20170101,mobile,0.0,0.0,Paid Search,Americas,0.0
91,91,201701,20170101,desktop,0.0,0.0,Organic Search,Asia,1.0
92,92,201701,20170101,desktop,0.0,0.0,Organic Search,Americas,0.0
93,93,201701,20170101,desktop,18.59,1.0,Referral,Americas,0.0
94,94,201701,20170101,desktop,0.0,0.0,Organic Search,Americas,0.0
95,95,201701,20170101,desktop,153.52,1.0,Referral,Americas,0.0
96,96,201701,20170101,desktop,0.0,0.0,Organic Search,Europe,0.0
97,97,201701,20170101,mobile,0.0,0.0,Social,Asia,1.0
98,98,201701,20170101,desktop,0.0,0.0,Social,Asia,1.0
99,99,201701,20170101,desktop,0.0,0.0,Social,Asia,1.0
100,100,201701,20170101,desktop,0.0,0.0,Social,Europe,1.0
101,101,201701,20170101,desktop,0.0,0.0,Social,Europe,1.0
102,102,201701,20170101,mobile,0.0,0.0,Paid Search,Americas,1.0
103,103,201701,20170101,desktop,0.0,0.0,Social,Africa,1.0
104,104,201701,20170101,desktop,0.0,0.0,Social,Africa,1.0
105,105,201701,20170101,tablet,0.0,0.0,Social,Europe,1.0
106,106,201701,20170101,desktop,0.0,0.0,Social,Asia,1.0
107,107,201701,20170101,tablet,0.0,0.0,Social,Europe,1.0
108,108,201701,20170101,desktop,0.0,0.0,Social,Europe,1.0
109,109,201701,20170101,desktop,0.0,0.0,Social,Americas,1.0
110,110,201701,20170101,desktop,0.0,0.0,Social,Asia,1.0
111,111,201701,20170101,desktop,0.0,0.0,Social,Asia,1.0
112,112,201701,20170101,mobile,0.0,0.0,Social,Asia,1.0
113,113,201701,20170101,desktop,0.0,0.0,Organic Search,Europe,1.0
114,114,201701,20170101,desktop,0.0,0.0,Paid Search,Americas,1.0
115,115,201701,20170101,desktop,0.0,0.0,Social,Europe,1.0
116,116,201701,20170101,mobile,0.0,0.0,Social,Asia,1.0
117,117,201701,20170101,desktop,0.0,0.0,Social,Americas,1.0
118,118,201701,20170101,desktop,0.0,0.0,Social,Americas,1.0
119,119,201701,20170101,desktop,0.0,0.0,Social,Europe,1.0
120,120,201701,20170101,desktop,0.0,0.0,Social,Asia,1.0
121,121,201701,20170101,desktop,0.0,0.0,Social,Africa,1.0
122,122,201701,20170101,desktop,0.0,0.0,Social,Europe,1.0
123,123,201701,20170101,desktop,0.0,0.0,Social,Africa,1.0
124,124,201701,20170101,mobile,0.0,0.0,Social,Asia,1.0
125,125,201701,20170101,desktop,0.0,0.0,Organic Search,Americas,1.0
126,126,201701,20170101,desktop,0.0,0.0,Social,Asia,1.0
127,127,201701,20170101,desktop,0.0,0.0,Social,Europe,1.0
128,128,201701,20170101,desktop,0.0,0.0,Social,Asia,1.0
129,129,201701,20170101,desktop,0.0,0.0,Social,Europe,1.0
130,130,201701,20170101,desktop,0.0,0.0,Social,Europe,1.0
131,131,201701,20170101,desktop,0.0,0.0,Social,Europe,1.0
132,132,201701,20170101,desktop,0.0,0.0,Social,Asia,1.0
133,133,201701,20170101,mobile,0.0,0.0,Social,Asia,1.0
134,134,201701,20170101,desktop,0.0,0.0,Social,Africa,1.0
135,135,201701,20170101,desktop,0.0,0.0,Social,Asia,1.0
136,136,201701,20170101,mobile,0.0,0.0,Organic Search,Americas,1.0
137,137,201701,20170101,desktop,0.0,0.0,Social,Africa,1.0
138,138,201701,20170101,desktop,0.0,0.0,Social,Europe,1.0
139,139,201701,20170101,tablet,0.0,0.0,Social,Europe,1.0
140,140,201701,20170101,desktop,0.0,0.0,Social,Africa,1.0
141,141,201701,20170101,desktop,0.0,0.0,Social,Asia,1.0
142,142,201701,20170101,desktop,0.0,0.0,Social,Asia,1.0
143,143,201701,20170101,desktop,0.0,0.0,Social,Europe,1.0
144,144,201701,20170101,mobile,0.0,0.0,Social,Europe,1.0
145,145,201701,20170101,desktop,0.0,0.0,Social,Americas,1.0
146,146,201701,20170101,desktop,0.0,0.0,Social,Americas,1.0
147,147,201701,20170101,desktop,0.0,0.0,Organic Search,Europe,1.0
148,148,201701,20170101,desktop,0.0,0.0,Social,Europe,1.0
149,149,201701,20170101,desktop,0.0,0.0,Social,Europe,1.0
150,150,201701,20170101,desktop,0.0,0.0,Social,Americas,1.0
151,151,201701,20170101,desktop,0.0,0.0,Social,Europe,1.0
152,152,201701,20170101,desktop,0.0,0.0,Social,Asia,1.0
153,153,201701,20170101,desktop,0.0,0.0,Social,Europe,1.0
154,154,201701,20170101,desktop,0.0,0.0,Social,Europe,1.0
155,155,201701,20170101,desktop,0.0,0.0,Social,Europe,1.0
156,156,201701,20170101,desktop,0.0,0.0,Social,Asia,1.0
157,157,201701,20170101,desktop,0.0,0.0,Social,Asia,1.0
158,158,201701,20170101,desktop,0.0,0.0,Referral,Asia,1.0
159,159,201701,20170101,mobile,0.0,0.0,Social,Europe,1.0
160,160,201701,20170101,mobile,0.0,0.0,Social,Europe,1.0
161,161,201701,20170101,desktop,0.0,0.0,Social,Europe,1.0
162,162,201701,20170101,mobile,0.0,0.0,Social,Asia,1.0
163,163,201701,20170101,mobile,0.0,0.0,Social,Americas,1.0
164,164,201701,20170101,desktop,0.0,0.0,Social,Europe,1.0
165,165,201701,20170101,desktop,0.0,0.0,Social,Americas,1.0
166,166,201701,20170101,desktop,0.0,0.0,Social,Europe,1.0
167,167,201701,20170101,mobile,0.0,0.0,Social,Asia,1.0
168,168,201701,20170101,desktop,0.0,0.0,Social,Europe,1.0
169,169,201701,20170101,desktop,0.0,0.0,Organic Search,Europe,1.0
170,170,201701,20170101,mobile,0.0,0.0,Social,Asia,1.0
171,171,201701,20170101,desktop,0.0,0.0,Social,Americas,1.0
172,172,201701,20170101,desktop,0.0,0.0,Social,Asia,1.0
173,173,201701,20170101,desktop,0.0,0.0,Social,Asia,1.0
174,174,201701,20170101,desktop,0.0,0.0,Social,Europe,1.0
175,175,201701,20170101,mobile,0.0,0.0,Social,Asia,1.0
176,176,201701,20170101,desktop,0.0,0.0,Social,Africa,1.0
177,177,201701,20170101,desktop,0.0,0.0,Social,Africa,1.0
178,178,201701,20170101,desktop,0.0,0.0,Social,Asia,1.0
179,179,201701,20170101,mobile,0.0,0.0,Social,Asia,1.0
180,180,201701,20170101,tablet,0.0,0.0,Organic Search,Asia,1.0
181,181,201701,20170101,mobile,0.0,0.0,Social,Asia,1.0
182,182,201701,20170101,desktop,0.0,0.0,Social,Asia,1.0
183,183,201701,20170101,mobile,0.0,0.0,Social,Asia,1.0
184,184,201701,20170101,desktop,0.0,0.0,Social,Europe,1.0
185,185,201701,20170101,desktop,0.0,0.0,Social,Europe,1.0
186,186,201701,20170101,desktop,0.0,0.0,Social,Asia,1.0
187,187,201701,20170101,desktop,0.0,0.0,Social,Europe,1.0
188,188,201701,20170101,desktop,0.0,0.0,Social,Americas,1.0
189,189,201701,20170101,mobile,0.0,0.0,Social,Americas,1.0
190,190,201701,20170101,desktop,0.0,0.0,Social,Europe,1.0
191,191,201701,20170101,tablet,0.0,0.0,Organic Search,Asia,1.0
192,192,201701,20170101,desktop,0.0,0.0,Social,Americas,1.0
193,193,201701,20170101,desktop,0.0,0.0,Social,Asia,1.0
194,194,201701,20170101,mobile,0.0,0.0,Social,Europe,1.0
195,195,201701,20170101,desktop,0.0,0.0,Social,Europe,1.0
196,196,201701,20170101,mobile,0.0,0.0,Social,Asia,1.0
197,197,201701,20170101,desktop,0.0,0.0,Social,Europe,1.0
198,198,201701,20170101,desktop,0.0,0.0,Social,Americas,1.0
199,199,201701,20170101,mobile,0.0,0.0,Social,Asia,1.0
200,200,201701,20170101,desktop,0.0,0.0,Social,Asia,1.0
201,201,201701,20170101,desktop,0.0,0.0,Social,Europe,1.0
202,202,201701,20170101,desktop,0.0,0.0,Direct,Asia,1.0
203,203,201701,20170101,desktop,0.0,0.0,Social,Asia,1.0
204,204,201701,20170101,mobile,0.0,0.0,Social,Europe,1.0
205,205,201701,20170101,desktop,0.0,0.0,Social,Europe,1.0
206,206,201701,20170101,desktop,0.0,0.0,Social,Americas,1.0
207,207,201701,20170101,desktop,0.0,0.0,Social,Europe,1.0
208,208,201701,20170101,desktop,0.0,0.0,Social,Asia,1.0
209,209,201701,20170101,desktop,0.0,0.0,Social,Europe,1.0
210,210,201701,20170101,desktop,0.0,0.0,Social,Americas,1.0
211,211,201701,20170101,desktop,0.0,0.0,Social,Europe,1.0
212,212,201701,20170101,mobile,0.0,0.0,Social,Asia,1.0
213,213,201701,20170101,mobile,0.0,0.0,Organic Search,Americas,1.0
214,214,201701,20170101,desktop,0.0,0.0,Social,Asia,1.0
215,215,201701,20170101,desktop,0.0,0.0,Social,Europe,1.0
216,216,201701,20170101,desktop,0.0,0.0,Social,Asia,1.0
217,217,201701,20170101,desktop,0.0,0.0,Social,Asia,1.0
218,218,201701,20170101,desktop,0.0,0.0,Social,Americas,1.0
219,219,201701,20170101,desktop,0.0,0.0,Social,Americas,1.0
220,220,201701,20170101,desktop,0.0,0.0,Social,Europe,1.0
221,221,201701,20170101,desktop,0.0,0.0,Social,Europe,1.0
222,222,201701,20170101,desktop,0.0,0.0,Social,Europe,1.0
223,223,201701,20170101,mobile,0.0,0.0,Social,Africa,1.0
224,224,201701,20170101,desktop,0.0,0.0,Referral,Americas,1.0
225,225,201701,20170101,tablet,0.0,0.0,Paid Search,Americas,1.0
226,226,201701,20170101,desktop,0.0,0.0,Social,Americas,1.0
227,227,201701,20170101,desktop,0.0,0.0,Social,Europe,1.0
228,228,201701,20170101,desktop,0.0,0.0,Social,Asia,1.0
229,229,201701,20170101,desktop,0.0,0.0,Social,Europe,1.0
230,230,201701,20170101,desktop,0.0,0.0,Social,Europe,1.0
231,231,201701,20170101,desktop,0.0,0.0,Social,Asia,1.0
232,232,201701,20170101,desktop,0.0,0.0,Social,Asia,1.0
233,233,201701,20170101,desktop,0.0,0.0,Social,Asia,1.0
234,234,201701,20170101,desktop,0.0,0.0,Social,Americas,1.0
235,235,201701,20170101,desktop,0.0,0.0,Social,Europe,1.0
236,236,201701,20170101,mobile,0.0,0.0,Display,Americas,1.0
237,237,201701,20170101,desktop,0.0,0.0,Social,Americas,1.0
238,238,201701,20170101,desktop,0.0,0.0,Social,Asia,1.0
239,239,201701,20170101,desktop,0.0,0.0,Social,Europe,1.0
240,240,201701,20170101,desktop,0.0,0.0,Social,Europe,1.0
241,241,201701,20170101,desktop,0.0,0.0,Social,Africa,1.0
242,242,201701,20170101,tablet,0.0,0.0,Social,Africa,1.0
243,243,201701,20170101,desktop,0.0,0.0,Social,Americas,1.0
244,244,201701,20170101,desktop,0.0,0.0,Social,Asia,1.0
245,245,201701,20170101,desktop,0.0,0.0,Social,Asia,1.0
246,246,201701,20170101,mobile,0.0,0.0,Social,Asia,1.0
247,247,201701,20170101,mobile,0.0,0.0,Organic Search,Europe,1.0
248,248,201701,20170101,mobile,0.0,0.0,Social,Americas,1.0
249,249,201701,20170101,mobile,0.0,0.0,Social,Asia,1.0
250,250,201701,20170101,desktop,0.0,0.0,Social,Europe,1.0
251,251,201701,20170101,mobile,0.0,0.0,Social,Asia,1.0
252,252,201701,20170101,desktop,0.0,0.0,Social,Americas,1.0
253,253,201701,20170101,desktop,0.0,0.0,Social,Europe,1.0
254,254,201701,20170101,desktop,0.0,0.0,Social,Americas,1.0
255,255,201701,20170101,desktop,0.0,0.0,Social,Europe,1.0
256,256,201701,20170101,desktop,0.0,0.0,Social,Americas,1.0
257,257,201701,20170101,desktop,0.0,0.0,Social,Asia,1.0
258,258,201701,20170101,tablet,0.0,0.0,Organic Search,Oceania,1.0
259,259,201701,20170101,desktop,0.0,0.0,Social,Americas,1.0
260,260,201701,20170101,mobile,0.0,0.0,Social,Asia,1.0
261,261,201701,20170101,desktop,0.0,0.0,Social,Americas,1.0
262,262,201701,20170101,desktop,0.0,0.0,Social,Americas,1.0
263,263,201701,20170101,desktop,0.0,0.0,Social,Americas,1.0
264,264,201701,20170101,mobile,0.0,0.0,Social,Asia,1.0
265,265,201701,20170101,desktop,0.0,0.0,Social,Oceania,1.0
266,266,201701,20170101,desktop,0.0,0.0,Social,Oceania,1.0
267,267,201701,20170101,desktop,0.0,0.0,Social,Americas,1.0
268,268,201701,20170101,desktop,0.0,0.0,Social,Americas,1.0
269,269,201701,20170101,desktop,0.0,0.0,Direct,Americas,1.0
270,270,201701,20170101,tablet,0.0,0.0,Social,Americas,1.0
271,271,201701,20170101,desktop,0.0,0.0,Social,Americas,1.0
272,272,201701,20170101,desktop,0.0,0.0,Social,Americas,1.0
273,273,201701,20170101,desktop,0.0,0.0,Social,Americas,1.0
274,274,201701,20170101,desktop,0.0,0.0,Social,Americas,1.0
275,275,201701,20170101,desktop,0.0,0.0,Social,Europe,1.0
276,276,201701,20170101,desktop,0.0,0.0,Social,Asia,1.0
277,277,201701,20170101,desktop,0.0,0.0,Social,Asia,1.0
278,278,201701,20170101,desktop,0.0,0.0,Social,Americas,1.0
279,279,201701,20170101,tablet,0.0,0.0,Social,Americas,1.0
280,280,201701,20170101,desktop,0.0,0.0,Direct,Asia,1.0
281,281,201701,20170101,desktop,0.0,0.0,Social,Asia,1.0
282,282,201701,20170101,desktop,0.0,0.0,Social,Americas,1.0
283,283,201701,20170101,desktop,0.0,0.0,Social,Asia,1.0
284,284,201701,20170101,desktop,0.0,0.0,Social,Europe,1.0
285,285,201701,20170101,desktop,0.0,0.0,Social,Americas,1.0
286,286,201701,20170101,desktop,0.0,0.0,Social,Americas,1.0
287,287,201701,20170101,desktop,0.0,0.0,Social,Americas,1.0
288,288,201701,20170101,mobile,0.0,0.0,Social,Asia,1.0
289,289,201701,20170101,desktop,0.0,0.0,Social,Americas,1.0
290,290,201701,20170101,desktop,0.0,0.0,Social,Americas,1.0
291,291,201701,20170101,mobile,0.0,0.0,Direct,Africa,1.0
292,292,201701,20170101,mobile,0.0,0.0,Social,Americas,1.0
293,293,201701,20170101,desktop,0.0,0.0,Social,Asia,1.0
294,294,201701,20170101,desktop,0.0,0.0,Social,Americas,1.0
295,295,201701,20170101,desktop,0.0,0.0,Social,Europe,1.0
296,296,201701,20170101,desktop,0.0,0.0,Social,Americas,1.0
297,297,201701,20170101,desktop,0.0,0.0,Social,Americas,1.0
298,298,201701,20170101,desktop,0.0,0.0,Social,Europe,1.0
299,299,201701,20170101,desktop,0.0,0.0,Social,Americas,1.0
300,300,201701,20170101,mobile,0.0,0.0,Social,Europe,1.0
301,301,201701,20170101,tablet,0.0,0.0,Social,Americas,1.0
302,302,201701,20170101,desktop,0.0,0.0,Organic Search,Europe,1.0
303,303,201701,20170101,desktop,0.0,0.0,Social,Americas,1.0
304,304,201701,20170101,mobile,0.0,0.0,Social,Americas,1.0
305,305,201701,20170101,desktop,0.0,0.0,Social,Europe,1.0
306,306,201701,20170101,desktop,0.0,0.0,Social,Americas,1.0
307,307,201701,20170101,desktop,0.0,0.0,Social,Europe,0.0
308,308,201701,20170101,desktop,0.0,0.0,Social,Americas,0.0
309,309,201701,20170101,desktop,0.0,0.0,Social,Americas,0.0
310,310,201701,20170101,desktop,0.0,0.0,Social,Europe,0.0
311,311,201701,20170101,desktop,0.0,0.0,Social,Asia,0.0
312,312,201701,20170101,desktop,0.0,0.0,Social,Africa,1.0
313,313,201701,20170101,desktop,0.0,0.0,Organic Search,Asia,1.0
314,314,201701,20170101,desktop,0.0,0.0,Social,Europe,0.0
315,315,201701,20170101,desktop,0.0,0.0,Social,Americas,0.0
316,316,201701,20170101,desktop,0.0,0.0,Social,Europe,0.0
317,317,201701,20170101,desktop,0.0,0.0,Social,Europe,0.0
318,318,201701,20170101,desktop,0.0,0.0,Social,Americas,0.0
319,319,201701,20170101,desktop,0.0,0.0,Social,Asia,0.0
320,320,201701,20170101,desktop,0.0,0.0,Social,Europe,0.0
321,321,201701,20170101,desktop,0.0,0.0,Social,Asia,0.0
322,322,201701,20170101,mobile,0.0,0.0,Social,Europe,1.0
323,323,201701,20170101,tablet,0.0,0.0,Social,Americas,0.0
324,324,201701,20170101,desktop,0.0,0.0,Organic Search,Africa,1.0
325,325,201701,20170101,desktop,0.0,0.0,Social,Asia,0.0
326,326,201701,20170101,mobile,0.0,0.0,Social,Asia,0.0
327,327,201701,20170101,desktop,0.0,0.0,Social,Asia,0.0
328,328,201701,20170101,desktop,0.0,0.0,Social,Europe,0.0
329,329,201701,20170101,desktop,0.0,0.0,Social,Americas,0.0
330,330,201701,20170101,desktop,0.0,0.0,Social,Europe,0.0
331,331,201701,20170101,desktop,0.0,0.0,Social,Europe,0.0
332,332,201701,20170101,desktop,0.0,0.0,Social,Europe,0.0
333,333,201701,20170101,desktop,0.0,0.0,Social,Europe,0.0
334,334,201701,20170101,desktop,0.0,0.0,Social,Africa,0.0
335,335,201701,20170101,desktop,0.0,0.0,Organic Search,Europe,1.0
336,336,201701,20170101,desktop,0.0,0.0,Organic Search,Asia,1.0
337,337,201701,20170101,desktop,0.0,0.0,Social,Americas,0.0
338,338,201701,20170101,desktop,0.0,0.0,Social,Asia,0.0
339,339,201701,20170101,desktop,0.0,0.0,Social,Americas,0.0
340,340,201701,20170101,desktop,0.0,0.0,Social,Americas,0.0
341,341,201701,20170101,mobile,0.0,0.0,Social,Oceania,0.0
342,342,201701,20170101,desktop,0.0,0.0,Social,Asia,0.0
343,343,201701,20170101,desktop,0.0,0.0,Social,Americas,0.0
344,344,201701,20170101,desktop,0.0,0.0,Social,Americas,0.0
345,345,201701,20170101,desktop,0.0,0.0,Social,Americas,0.0
346,346,201701,20170101,desktop,0.0,0.0,Social,Americas,0.0
347,347,201701,20170101,mobile,0.0,0.0,Organic Search,Asia,1.0
348,348,201701,20170101,desktop,0.0,0.0,Social,Americas,0.0
349,349,201701,20170101,desktop,0.0,0.0,Social,Americas,0.0
350,350,201701,20170101,desktop,0.0,0.0,Social,Asia,0.0
351,351,201701,20170101,desktop,0.0,0.0,Social,Americas,0.0
352,352,201701,20170101,desktop,0.0,0.0,Social,Asia,0.0
353,353,201701,20170101,mobile,0.0,0.0,Social,Americas,0.0
354,354,201701,20170101,desktop,0.0,0.0,Social,Europe,0.0
355,355,201701,20170101,desktop,0.0,0.0,Social,Asia,0.0
356,356,201701,20170101,tablet,0.0,0.0,Social,Europe,0.0
357,357,201701,20170101,desktop,0.0,0.0,Social,Asia,0.0
358,358,201701,20170101,desktop,0.0,0.0,Direct,Asia,1.0
359,359,201701,20170101,desktop,0.0,0.0,Social,Americas,0.0
360,360,201701,20170101,desktop,0.0,0.0,Social,Americas,0.0
361,361,201701,20170101,desktop,0.0,0.0,Social,Europe,0.0
362,362,201701,20170101,desktop,0.0,0.0,Social,Asia,0.0
363,363,201701,20170101,desktop,0.0,0.0,Social,Americas,0.0
364,364,201701,20170101,desktop,0.0,0.0,Social,Oceania,0.0
365,365,201701,20170101,desktop,0.0,0.0,Social,Europe,0.0
366,366,201701,20170101,desktop,0.0,0.0,Social,Americas,0.0
367,367,201701,20170101,desktop,0.0,0.0,Social,Americas,0.0
368,368,201701,20170101,desktop,0.0,0.0,Social,Asia,0.0
369,369,201701,20170101,desktop,0.0,0.0,Paid Search,Americas,1.0
370,370,201701,20170101,desktop,0.0,0.0,Social,Americas,0.0
371,371,201701,20170101,mobile,0.0,0.0,Social,Asia,0.0
372,372,201701,20170101,mobile,0.0,0.0,Social,Asia,0.0
373,373,201701,20170101,desktop,0.0,0.0,Social,Americas,0.0
374,374,201701,20170101,mobile,0.0,0.0,Social,Asia,0.0
375,375,201701,20170101,desktop,0.0,0.0,Social,Americas,0.0
376,376,201701,20170101,tablet,0.0,0.0,Social,Americas,0.0
377,377,201701,20170101,desktop,0.0,0.0,Social,Europe,0.0
378,378,201701,20170101,mobile,0.0,0.0,Social,Americas,0.0
379,379,201701,20170101,desktop,0.0,0.0,Social,Africa,0.0
380,380,201701,20170101,mobile,0.0,0.0,Paid Search,Americas,1.0
381,381,201701,20170101,desktop,0.0,0.0,Social,Americas,0.0
382,382,201701,20170101,desktop,0.0,0.0,Social,Asia,0.0
383,383,201701,20170101,mobile,0.0,0.0,Social,Europe,0.0
384,384,201701,20170101,desktop,0.0,0.0,Social,Europe,0.0
385,385,201701,20170101,mobile,0.0,0.0,Social,Asia,0.0
386,386,201701,20170101,tablet,0.0,0.0,Social,Americas,0.0
387,387,201701,20170101,mobile,0.0,0.0,Social,Asia,0.0
388,388,201701,20170101,mobile,0.0,0.0,Social,Asia,0.0
389,389,201701,20170101,desktop,0.0,0.0,Social,Asia,0.0
390,390,201701,20170101,desktop,0.0,0.0,Social,Americas,0.0
391,391,201701,20170101,desktop,0.0,0.0,Referral,Asia,1.0
392,392,201701,20170101,desktop,0.0,0.0,Social,Americas,0.0
393,393,201701,20170101,desktop,0.0,0.0,Social,Africa,0.0
394,394,201701,20170101,tablet,0.0,0.0,Social,Americas,0.0
395,395,201701,20170101,mobile,0.0,0.0,Social,Americas,0.0
396,396,201701,20170101,desktop,0.0,0.0,Social,Americas,0.0
397,397,201701,20170101,mobile,0.0,0.0,Social,Africa,0.0
398,398,201701,20170101,mobile,0.0,0.0,Social,Oceania,0.0
399,399,201701,20170101,mobile,0.0,0.0,Social,Europe,0.0
400,400,201701,20170101,desktop,0.0,0.0,Social,Americas,0.0
401,401,201701,20170101,mobile,0.0,0.0,Social,Americas,0.0
402,402,201701,20170101,desktop,0.0,0.0,Organic Search,Asia,1.0
403,403,201701,20170101,desktop,0.0,0.0,Social,Americas,0.0
404,404,201701,20170101,mobile,0.0,0.0,Social,Asia,0.0
405,405,201701,20170101,mobile,0.0,0.0,Social,Americas,0.0
406,406,201701,20170101,desktop,0.0,0.0,Social,Europe,0.0
407,407,201701,20170101,desktop,0.0,0.0,Organic Search,Americas,1.0
408,409,201701,20170101,desktop,0.0,0.0,Organic Search,Americas,1.0
409,410,201701,20170101,tablet,0.0,0.0,Organic Search,Asia,1.0
410,411,201701,20170101,desktop,0.0,0.0,Organic Search,Americas,1.0
411,412,201701,20170101,desktop,0.0,0.0,Organic Search,Europe,1.0
412,413,201701,20170101,desktop,0.0,0.0,Organic Search,Americas,1.0
413,414,201701,20170101,mobile,0.0,0.0,Direct,Asia,1.0
414,415,201701,20170101,tablet,0.0,0.0,Organic Search,Asia,1.0
415,416,201701,20170101,mobile,0.0,0.0,Organic Search,Europe,1.0
416,417,201701,20170101,desktop,0.0,0.0,Organic Search,Asia,1.0
417,418,201701,20170101,desktop,0.0,0.0,Organic Search,Asia,1.0
418,419,201701,20170101,desktop,0.0,0.0,Organic Search,Americas,1.0
419,420,201701,20170101,desktop,0.0,0.0,Direct,Americas,1.0
420,421,201701,20170101,tablet,0.0,0.0,Direct,Africa,1.0
421,422,201701,20170101,desktop,0.0,0.0,Organic Search,Asia,1.0
422,423,201701,20170101,mobile,0.0,0.0,Organic Search,Asia,1.0
423,424,201701,20170101,desktop,0.0,0.0,Direct,Americas,1.0
424,425,201701,20170101,mobile,0.0,0.0,Organic Search,Europe,1.0
425,426,201701,20170101,tablet,0.0,0.0,Organic Search,Europe,1.0
426,427,201701,20170101,desktop,0.0,0.0,Paid Search,Americas,1.0
427,428,201701,20170101,mobile,0.0,0.0,Organic Search,Europe,1.0
428,429,201701,20170101,desktop,0.0,0.0,Organic Search,Europe,1.0
429,430,201701,20170101,desktop,0.0,0.0,Organic Search,Europe,1.0
430,431,201701,20170101,mobile,0.0,0.0,Organic Search,Americas,1.0
431,432,201701,20170101,desktop,0.0,0.0,Direct,Asia,1.0
432,433,201701,20170101,desktop,0.0,0.0,Organic Search,Europe,1.0
433,434,201701,20170101,desktop,0.0,0.0,Organic Search,Europe,1.0
434,435,201701,20170101,desktop,0.0,0.0,Organic Search,Europe,1.0
435,436,201701,20170101,desktop,0.0,0.0,Organic Search,Asia,1.0
436,437,201701,20170101,mobile,0.0,0.0,Affiliates,Asia,1.0
437,438,201701,20170101,desktop,0.0,0.0,Organic Search,Asia,1.0
438,439,201701,20170101,desktop,0.0,0.0,Referral,Europe,1.0
439,440,201701,20170101,tablet,0.0,0.0,Direct,Americas,1.0
440,441,201701,20170101,desktop,0.0,0.0,Direct,Europe,1.0
441,442,201701,20170101,mobile,0.0,0.0,Paid Search,Asia,1.0
442,443,201701,20170101,desktop,0.0,0.0,Organic Search,Europe,1.0
443,444,201701,20170101,desktop,0.0,0.0,Direct,Americas,1.0
444,445,201701,20170101,desktop,0.0,0.0,Affiliates,Americas,1.0
445,446,201701,20170101,mobile,0.0,0.0,Direct,Asia,1.0
446,447,201701,20170101,mobile,0.0,0.0,Direct,Europe,1.0
447,448,201701,20170101,desktop,0.0,0.0,Affiliates,Asia,1.0
448,449,201701,20170101,mobile,0.0,0.0,Direct,Oceania,1.0
449,450,201701,20170101,mobile,0.0,0.0,Paid Search,Asia,1.0
450,451,201701,20170101,mobile,0.0,0.0,Organic Search,Americas,1.0
451,452,201701,20170101,tablet,0.0,0.0,Direct,Americas,1.0
452,453,201701,20170101,tablet,0.0,0.0,Organic Search,Americas,1.0
453,454,201701,20170101,mobile,0.0,0.0,Direct,Americas,1.0
454,455,201701,20170101,mobile,0.0,0.0,Paid Search,Asia,1.0
455,456,201701,20170101,desktop,0.0,0.0,Direct,Americas,1.0
456,457,201701,20170101,mobile,0.0,0.0,Direct,Asia,1.0
457,458,201701,20170101,desktop,0.0,0.0,Affiliates,Americas,1.0
458,459,201701,20170101,mobile,0.0,0.0,Paid Search,Asia,1.0
459,460,201701,20170101,desktop,0.0,0.0,Direct,Asia,1.0
460,461,201701,20170101,mobile,0.0,0.0,Referral,Americas,1.0
461,462,201701,20170101,desktop,0.0,0.0,Organic Search,Asia,1.0
462,463,201701,20170101,mobile,0.0,0.0,Paid Search,Asia,1.0
463,464,201701,20170101,desktop,0.0,0.0,Paid Search,Asia,1.0
464,465,201701,20170101,desktop,0.0,0.0,Organic Search,Americas,1.0
465,466,201701,20170101,desktop,0.0,0.0,Direct,Asia,1.0
466,467,201701,20170101,mobile,0.0,0.0,Direct,Europe,1.0
467,468,201701,20170101,desktop,0.0,0.0,Display,Americas,1.0
468,469,201701,20170101,mobile,0.0,0.0,Paid Search,Asia,1.0
469,470,201701,20170101,desktop,0.0,0.0,Referral,Americas,1.0
470,471,201701,20170101,desktop,0.0,0.0,Affiliates,Asia,1.0
471,472,201701,20170101,mobile,0.0,0.0,Display,Americas,1.0
472,473,201701,20170101,desktop,0.0,0.0,Direct,Asia,1.0
473,474,201701,20170101,desktop,0.0,0.0,Direct,Americas,1.0
474,475,201701,20170101,mobile,0.0,0.0,Paid Search,Europe,1.0
475,476,201701,20170101,desktop,0.0,0.0,Organic Search,Europe,1.0
476,477,201701,20170101,mobile,0.0,0.0,Organic Search,Europe,1.0
477,478,201701,20170101,desktop,0.0,0.0,Direct,Americas,1.0
478,479,201701,20170101,mobile,0.0,0.0,Organic Search,Americas,1.0
479,480,201701,20170101,desktop,0.0,0.0,Direct,Asia,1.0
480,481,201701,20170101,mobile,0.0,0.0,Paid Search,Europe,1.0
481,482,201701,20170101,mobile,0.0,0.0,Paid Search,Asia,1.0
482,483,201701,20170101,mobile,0.0,0.0,Organic Search,Europe,1.0
483,484,201701,20170101,tablet,0.0,0.0,Direct,Americas,1.0
484,485,201701,20170101,tablet,0.0,0.0,Display,Americas,1.0
485,486,201701,20170101,mobile,0.0,0.0,Paid Search,Asia,1.0
486,487,201701,20170101,desktop,0.0,0.0,Direct,Asia,1.0
487,488,201701,20170101,desktop,0.0,0.0,Organic Search,Europe,1.0
488,489,201701,20170101,desktop,0.0,0.0,Organic Search,Americas,1.0
489,490,201701,20170101,mobile,0.0,0.0,Paid Search,Asia,1.0
490,491,201701,20170101,desktop,0.0,0.0,Organic Search,Asia,1.0
491,492,201701,20170101,mobile,0.0,0.0,Paid Search,Asia,1.0
492,493,201701,20170101,mobile,0.0,0.0,Paid Search,Asia,1.0
493,494,201701,20170101,desktop,0.0,0.0,Referral,Asia,1.0
494,495,201701,20170101,mobile,0.0,0.0,Paid Search,Asia,1.0
495,496,201701,20170101,mobile,0.0,0.0,Paid Search,Asia,1.0
496,497,201701,20170101,mobile,0.0,0.0,Paid Search,Asia,1.0
497,498,201701,20170101,mobile,0.0,0.0,Paid Search,Asia,1.0
498,499,201701,20170101,desktop,0.0,0.0,Organic Search,Asia,1.0
499,500,201701,20170101,desktop,0.0,0.0,Direct,Americas,1.0
500,501,201701,20170101,mobile,0.0,0.0,Direct,Americas,1.0
501,502,201701,20170101,tablet,0.0,0.0,Direct,Americas,1.0
502,503,201701,20170101,desktop,0.0,0.0,Referral,Americas,1.0
503,504,201701,20170101,desktop,0.0,0.0,Direct,Asia,1.0
504,505,201701,20170101,tablet,0.0,0.0,Organic Search,Americas,1.0
505,506,201701,20170101,mobile,0.0,0.0,Referral,Americas,1.0
506,507,201701,20170101,desktop,0.0,0.0,Referral,Americas,1.0
507,508,201701,20170101,mobile,0.0,0.0,Paid Search,Asia,1.0
508,509,201701,20170101,desktop,0.0,0.0,Direct,Americas,1.0
509,510,201701,20170101,tablet,0.0,0.0,Organic Search,Oceania,1.0
510,511,201701,20170101,mobile,0.0,0.0,Direct,Americas,1.0
511,512,201701,20170101,mobile,0.0,0.0,Paid Search,Americas,1.0
512,513,201701,20170101,mobile,0.0,0.0,Paid Search,Asia,1.0
513,514,201701,20170101,mobile,0.0,0.0,Paid Search,Asia,1.0
514,515,201701,20170101,mobile,0.0,0.0,Direct,Americas,1.0
515,516,201701,20170101,mobile,0.0,0.0,Referral,Asia,1.0
516,517,201701,20170101,desktop,0.0,0.0,Referral,Americas,1.0
517,518,201701,20170101,mobile,0.0,0.0,Direct,Asia,1.0
518,519,201701,20170101,mobile,0.0,0.0,Direct,Europe,1.0
519,520,201701,20170101,desktop,0.0,0.0,Organic Search,Asia,1.0
520,521,201701,20170101,desktop,0.0,0.0,Organic Search,Asia,1.0
521,522,201701,20170101,mobile,0.0,0.0,Paid Search,Asia,1.0
522,523,201701,20170101,mobile,0.0,0.0,Referral,Asia,1.0
523,524,201701,20170101,mobile,0.0,0.0,Paid Search,Asia,1.0
524,525,201701,20170101,desktop,0.0,0.0,Referral,Americas,1.0
525,526,201701,20170101,mobile,0.0,0.0,Paid Search,Asia,1.0
526,527,201701,20170101,tablet,0.0,0.0,Organic Search,Americas,1.0
527,528,201701,20170101,mobile,0.0,0.0,Organic Search,Americas,1.0
528,529,201701,20170101,mobile,0.0,0.0,Paid Search,Americas,1.0
529,530,201701,20170101,tablet,0.0,0.0,Paid Search,Americas,1.0
530,531,201701,20170101,mobile,0.0,0.0,Paid Search,Asia,1.0
531,532,201701,20170101,mobile,0.0,0.0,Paid Search,Americas,1.0
532,533,201701,20170101,mobile,0.0,0.0,Direct,Africa,1.0
533,534,201701,20170101,mobile,0.0,0.0,Organic Search,Americas,1.0
534,535,201701,20170101,mobile,0.0,0.0,Paid Search,Europe,1.0
535,536,201701,20170101,mobile,0.0,0.0,Direct,Asia,1.0
536,537,201701,20170101,desktop,0.0,0.0,Affiliates,Asia,1.0
537,538,201701,20170101,tablet,0.0,0.0,Organic Search,Americas,1.0
538,539,201701,20170101,mobile,0.0,0.0,Referral,Americas,1.0
539,540,201701,20170101,tablet,0.0,0.0,Organic Search,Europe,1.0
540,541,201701,20170101,mobile,0.0,0.0,Paid Search,Asia,1.0
541,542,201701,20170101,desktop,0.0,0.0,Direct,Americas,1.0
542,543,201701,20170101,desktop,0.0,0.0,Organic Search,Europe,1.0
543,544,201701,20170101,desktop,0.0,0.0,Direct,Asia,1.0
544,545,201701,20170101,mobile,0.0,0.0,Organic Search,Americas,1.0
545,546,201701,20170101,desktop,0.0,0.0,Referral,Americas,1.0
546,547,201701,20170101,desktop,0.0,0.0,Organic Search,Americas,1.0
547,548,201701,20170101,mobile,0.0,0.0,Organic Search,Americas,1.0
548,549,201701,20170101,mobile,0.0,0.0,Organic Search,Americas,1.0
549,550,201701,20170101,mobile,0.0,0.0,Organic Search,Americas,1.0
550,551,201701,20170101,mobile,0.0,0.0,Direct,Europe,1.0
551,552,201701,20170101,desktop,0.0,0.0,Direct,Americas,1.0
552,553,201701,20170101,mobile,0.0,0.0,Organic Search,Americas,1.0
553,554,201701,20170101,desktop,0.0,0.0,Referral,Americas,1.0
554,555,201701,20170101,mobile,0.0,0.0,Organic Search,Americas,1.0
555,556,201701,20170101,mobile,0.0,0.0,Direct,Americas,1.0
556,557,201701,20170101,desktop,0.0,0.0,Referral,Americas,1.0
557,558,201701,20170101,desktop,0.0,0.0,Direct,Americas,1.0
558,559,201701,20170101,mobile,0.0,0.0,Direct,Americas,1.0
559,560,201701,20170101,mobile,0.0,0.0,Direct,Americas,1.0
560,561,201701,20170101,mobile,0.0,0.0,Direct,Americas,1.0
561,562,201701,20170101,mobile,0.0,0.0,Direct,Americas,1.0
562,563,201701,20170101,tablet,0.0,0.0,Organic Search,Americas,1.0
563,564,201701,20170101,mobile,0.0,0.0,Direct,Americas,1.0
564,565,201701,20170101,tablet,0.0,0.0,Organic Search,Europe,1.0
565,566,201701,20170101,mobile,0.0,0.0,Direct,Americas,1.0
566,567,201701,20170101,mobile,0.0,0.0,Direct,Americas,1.0
567,568,201701,20170101,desktop,0.0,0.0,Referral,Americas,1.0
568,569,201701,20170101,mobile,0.0,0.0,Direct,Americas,1.0
569,570,201701,20170101,desktop,0.0,0.0,Referral,Americas,1.0
570,571,201701,20170101,mobile,0.0,0.0,Direct,Americas,1.0
571,572,201701,20170101,desktop,0.0,0.0,Direct,Americas,1.0
572,573,201701,20170101,mobile,0.0,0.0,Direct,Americas,1.0
573,574,201701,20170101,tablet,0.0,0.0,Direct,Asia,1.0
574,575,201701,20170101,desktop,0.0,0.0,Direct,Americas,1.0
575,576,201701,20170101,desktop,0.0,0.0,Organic Search,Europe,1.0
576,577,201701,20170101,mobile,0.0,0.0,Organic Search,Americas,1.0
577,578,201701,20170101,mobile,0.0,0.0,Direct,Europe,1.0
578,579,201701,20170101,desktop,0.0,0.0,Direct,Americas,1.0
579,580,201701,20170101,desktop,0.0,0.0,Referral,Americas,1.0
580,581,201701,20170101,mobile,0.0,0.0,Organic Search,Americas,1.0
581,582,201701,20170101,mobile,0.0,0.0,Direct,Asia,1.0
582,583,201701,20170101,desktop,0.0,0.0,Organic Search,Europe,1.0
583,584,201701,20170101,mobile,0.0,0.0,Direct,Europe,1.0
584,585,201701,20170101,desktop,0.0,0.0,Organic Search,Americas,1.0
585,586,201701,20170101,mobile,0.0,0.0,Organic Search,Europe,1.0
586,587,201701,20170101,desktop,0.0,0.0,Organic Search,Europe,1.0
587,588,201701,20170101,desktop,0.0,0.0,Direct,Americas,1.0
588,589,201701,20170101,mobile,0.0,0.0,Organic Search,Americas,1.0
589,590,201701,20170101,mobile,0.0,0.0,Organic Search,Americas,1.0
590,591,201701,20170101,desktop,0.0,0.0,Organic Search,Americas,1.0
591,592,201701,20170101,mobile,0.0,0.0,Organic Search,Americas,1.0
592,593,201701,20170101,mobile,0.0,0.0,Organic Search,Americas,1.0
593,594,201701,20170101,tablet,0.0,0.0,Organic Search,Americas,1.0
594,595,201701,20170101,desktop,0.0,0.0,Organic Search,Asia,1.0
595,596,201701,20170101,desktop,0.0,0.0,Organic Search,Asia,1.0
596,597,201701,20170101,mobile,0.0,0.0,Organic Search,Europe,1.0
597,598,201701,20170101,desktop,0.0,0.0,Organic Search,Americas,1.0
598,599,201701,20170101,desktop,0.0,0.0,Organic Search,Asia,1.0
599,600,201701,20170101,mobile,0.0,0.0,Organic Search,Americas,1.0
600,601,201701,20170101,mobile,0.0,0.0,Organic Search,Europe,1.0
601,602,201701,20170101,desktop,0.0,0.0,Organic Search,Europe,1.0
602,603,201701,20170101,mobile,0.0,0.0,Organic Search,Americas,1.0
603,604,201701,20170101,mobile,0.0,0.0,Organic Search,Americas,1.0
604,605,201701,20170101,desktop,0.0,0.0,Organic Search,Europe,1.0
605,606,201701,20170101,mobile,0.0,0.0,Organic Search,Americas,1.0
606,607,201701,20170101,desktop,0.0,0.0,Organic Search,Africa,1.0
607,608,201701,20170101,desktop,0.0,0.0,Organic Search,Europe,1.0
608,609,201701,20170101,desktop,0.0,0.0,Organic Search,Asia,1.0
609,610,201701,20170101,mobile,0.0,0.0,Direct,Americas,1.0
610,611,201701,20170101,mobile,0.0,0.0,Direct,Europe,1.0
611,612,201701,20170101,mobile,0.0,0.0,Display,Americas,1.0
612,613,201701,20170101,mobile,0.0,0.0,Organic Search,Americas,1.0
613,614,201701,20170101,desktop,0.0,0.0,Organic Search,Americas,1.0
614,615,201701,20170101,desktop,0.0,0.0,Direct,Americas,1.0
615,616,201701,20170101,desktop,0.0,0.0,Organic Search,Americas,1.0
616,617,201701,20170101,desktop,0.0,0.0,Direct,Americas,1.0
617,618,201701,20170101,mobile,0.0,0.0,Direct,Americas,1.0
618,619,201701,20170101,desktop,0.0,0.0,Direct,Americas,1.0
619,621,201701,20170101,desktop,0.0,0.0,Referral,Europe,1.0
620,622,201701,20170101,mobile,0.0,0.0,Organic Search,Americas,1.0
621,623,201701,20170101,mobile,0.0,0.0,Organic Search,Asia,1.0
622,625,201701,20170101,desktop,0.0,0.0,Direct,Asia,1.0
623,626,201701,20170101,mobile,0.0,0.0,Organic Search,Americas,1.0
624,627,201701,20170101,desktop,0.0,0.0,Organic Search,Oceania,1.0
625,628,201701,20170101,mobile,0.0,0.0,Organic Search,Europe,1.0
626,629,201701,20170101,mobile,0.0,0.0,Organic Search,Asia,1.0
627,630,201701,20170101,desktop,0.0,0.0,Organic Search,Asia,1.0
628,631,201701,20170101,desktop,0.0,0.0,Organic Search,Americas,1.0
629,632,201701,20170101,desktop,0.0,0.0,Organic Search,Europe,1.0
630,633,201701,20170101,mobile,0.0,0.0,Direct,Americas,1.0
631,634,201701,20170101,mobile,0.0,0.0,Organic Search,Americas,1.0
632,635,201701,20170101,desktop,0.0,0.0,Organic Search,Europe,1.0
633,636,201701,20170101,mobile,0.0,0.0,Organic Search,Americas,1.0
634,637,201701,20170101,mobile,0.0,0.0,Direct,Americas,1.0
635,638,201701,20170101,desktop,0.0,0.0,Organic Search,Americas,1.0
636,639,201701,20170101,desktop,0.0,0.0,Organic Search,Americas,1.0
637,640,201701,20170101,desktop,0.0,0.0,Referral,Asia,1.0
638,641,201701,20170101,mobile,0.0,0.0,Organic Search,Europe,1.0
639,642,201701,20170101,tablet,0.0,0.0,Display,Americas,1.0
640,643,201701,20170101,mobile,0.0,0.0,Organic Search,Europe,1.0
641,644,201701,20170101,tablet,0.0,0.0,Display,Americas,1.0
642,645,201701,20170101,mobile,0.0,0.0,Direct,Africa,1.0
643,646,201701,20170101,mobile,0.0,0.0,Organic Search,Europe,1.0
644,647,201701,20170101,mobile,0.0,0.0,Direct,Americas,1.0
645,648,201701,20170101,desktop,0.0,0.0,Organic Search,Asia,1.0
646,649,201701,20170101,mobile,0.0,0.0,Organic Search,Asia,1.0
647,650,201701,20170101,mobile,0.0,0.0,Organic Search,Americas,1.0
648,651,201701,20170101,mobile,0.0,0.0,Organic Search,Americas,1.0
649,652,201701,20170101,mobile,0.0,0.0,Organic Search,Europe,1.0
650,653,201701,20170101,mobile,0.0,0.0,Organic Search,Asia,1.0
651,654,201701,20170101,tablet,0.0,0.0,Organic Search,Asia,1.0
652,655,201701,20170101,desktop,0.0,0.0,Organic Search,Americas,1.0
653,656,201701,20170101,mobile,0.0,0.0,Direct,Oceania,1.0
654,657,201701,20170101,mobile,0.0,0.0,Organic Search,Asia,1.0
655,658,201701,20170101,desktop,0.0,0.0,Organic Search,Asia,1.0
656,659,201701,20170101,tablet,0.0,0.0,Direct,Europe,1.0
657,660,201701,20170101,mobile,0.0,0.0,Direct,Europe,1.0
658,661,201701,20170101,mobile,0.0,0.0,Organic Search,Asia,1.0
659,662,201701,20170101,mobile,0.0,0.0,Organic Search,Europe,1.0
660,663,201701,20170101,desktop,0.0,0.0,Organic Search,Europe,1.0
661,664,201701,20170101,mobile,0.0,0.0,Organic Search,Americas,1.0
662,665,201701,20170101,mobile,0.0,0.0,Organic Search,Europe,1.0
663,666,201701,20170101,desktop,0.0,0.0,Organic Search,Europe,1.0
664,667,201701,20170101,mobile,0.0,0.0,Direct,Asia,1.0
665,668,201701,20170101,mobile,0.0,0.0,Organic Search,Europe,1.0
666,669,201701,20170101,desktop,0.0,0.0,Organic Search,Asia,1.0
667,670,201701,20170101,desktop,0.0,0.0,Organic Search,Europe,1.0
668,671,201701,20170101,mobile,0.0,0.0,Direct,Europe,1.0
669,672,201701,20170101,mobile,0.0,0.0,Organic Search,Americas,1.0
670,673,201701,20170101,desktop,0.0,0.0,Direct,Americas,1.0
671,674,201701,20170101,desktop,0.0,0.0,Organic Search,Europe,1.0
672,675,201701,20170101,desktop,0.0,0.0,Organic Search,Oceania,1.0
673,676,201701,20170101,desktop,0.0,0.0,Organic Search,Europe,1.0
674,677,201701,20170101,mobile,0.0,0.0,Direct,Europe,1.0
675,678,201701,20170101,mobile,0.0,0.0,Organic Search,Americas,1.0
676,679,201701,20170101,mobile,0.0,0.0,Organic Search,Americas,1.0
677,680,201701,20170101,mobile,0.0,0.0,Organic Search,Europe,1.0
678,681,201701,20170101,desktop,0.0,0.0,Organic Search,Oceania,1.0
679,682,201701,20170101,mobile,0.0,0.0,Organic Search,Europe,1.0
680,683,201701,20170101,mobile,0.0,0.0,Organic Search,Asia,1.0
681,684,201701,20170101,mobile,0.0,0.0,Organic Search,Americas,1.0
682,685,201701,20170101,mobile,0.0,0.0,Organic Search,Asia,1.0
683,686,201701,20170101,mobile,0.0,0.0,Organic Search,Americas,1.0
684,687,201701,20170101,desktop,0.0,0.0,Organic Search,Asia,1.0
685,688,201701,20170101,desktop,0.0,0.0,Organic Search,Asia,1.0
686,689,201701,20170101,desktop,0.0,0.0,Organic Search,Asia,1.0
687,690,201701,20170101,mobile,0.0,0.0,Organic Search,Americas,1.0
688,691,201701,20170101,mobile,0.0,0.0,Organic Search,Americas,1.0
689,692,201701,20170101,desktop,0.0,0.0,Organic Search,Americas,1.0
690,693,201701,20170101,mobile,0.0,0.0,Organic Search,Europe,1.0
691,694,201701,20170101,desktop,0.0,0.0,Organic Search,Europe,1.0
692,695,201701,20170101,mobile,0.0,0.0,Organic Search,Asia,1.0
693,696,201701,20170101,mobile,0.0,0.0,Direct,Americas,1.0
694,697,201701,20170101,mobile,0.0,0.0,Organic Search,Asia,1.0
695,698,201701,20170101,mobile,0.0,0.0,Organic Search,Europe,1.0
696,699,201701,20170101,mobile,0.0,0.0,Organic Search,Asia,1.0
697,700,201701,20170101,mobile,0.0,0.0,Direct,Europe,1.0
698,701,201701,20170101,desktop,0.0,0.0,Organic Search,Americas,1.0
699,702,201701,20170101,mobile,0.0,0.0,Organic Search,Americas,1.0
700,703,201701,20170101,desktop,0.0,0.0,Organic Search,Europe,1.0
701,704,201701,20170101,mobile,0.0,0.0,Organic Search,Europe,1.0
702,705,201701,20170101,mobile,0.0,0.0,Organic Search,Asia,1.0
703,706,201701,20170101,desktop,0.0,0.0,Organic Search,Europe,1.0
704,707,201701,20170101,mobile,0.0,0.0,Organic Search,Americas,1.0
705,708,201701,20170101,desktop,0.0,0.0,Organic Search,Americas,1.0
706,709,201701,20170101,mobile,0.0,0.0,Organic Search,Europe,1.0
707,710,201701,20170101,mobile,0.0,0.0,Organic Search,Oceania,1.0
708,711,201701,20170101,desktop,0.0,0.0,Organic Search,Asia,1.0
709,712,201701,20170101,desktop,0.0,0.0,Organic Search,Europe,1.0
710,713,201701,20170101,tablet,0.0,0.0,Organic Search,Europe,1.0
711,714,201701,20170101,mobile,0.0,0.0,Organic Search,Asia,1.0
712,715,201701,20170101,desktop,0.0,0.0,Organic Search,Americas,1.0
713,716,201701,20170101,desktop,0.0,0.0,Organic Search,Americas,1.0
714,717,201701,20170101,desktop,0.0,0.0,Organic Search,Europe,1.0
715,718,201701,20170101,desktop,0.0,0.0,Organic Search,Americas,1.0
716,719,201701,20170101,desktop,0.0,0.0,Organic Search,Americas,1.0
717,720,201701,20170101,mobile,0.0,0.0,Organic Search,Americas,1.0
718,721,201701,20170101,mobile,0.0,0.0,Direct,Oceania,1.0
719,722,201701,20170101,mobile,0.0,0.0,Paid Search,Americas,1.0
720,723,201701,20170101,mobile,0.0,0.0,Organic Search,Americas,1.0
721,724,201701,20170101,mobile,0.0,0.0,Organic Search,Asia,1.0
722,725,201701,20170101,tablet,0.0,0.0,Organic Search,Asia,1.0
723,726,201701,20170101,mobile,0.0,0.0,Organic Search,Asia,1.0
724,727,201701,20170101,mobile,0.0,0.0,Organic Search,Americas,1.0
725,728,201701,20170101,desktop,0.0,0.0,Organic Search,Americas,1.0
726,729,201701,20170101,desktop,0.0,0.0,Organic Search,Europe,1.0
727,730,201701,20170101,mobile,0.0,0.0,Organic Search,Europe,1.0
728,731,201701,20170101,tablet,0.0,0.0,Organic Search,Americas,1.0
729,732,201701,20170101,desktop,0.0,0.0,Organic Search,Europe,1.0
730,733,201701,20170101,tablet,0.0,0.0,Direct,Americas,1.0
731,734,201701,20170101,mobile,0.0,0.0,Organic Search,Asia,1.0
732,735,201701,20170101,desktop,0.0,0.0,Organic Search,Asia,1.0
733,736,201701,20170101,desktop,0.0,0.0,Organic Search,Asia,1.0
734,737,201701,20170101,desktop,0.0,0.0,Organic Search,Europe,1.0
735,738,201701,20170101,mobile,0.0,0.0,Organic Search,Europe,1.0
736,739,201701,20170101,mobile,0.0,0.0,Direct,Asia,1.0
737,740,201701,20170101,mobile,0.0,0.0,Organic Search,Americas,1.0
738,741,201701,20170101,desktop,0.0,0.0,Organic Search,Americas,1.0
739,742,201701,20170101,desktop,0.0,0.0,Organic Search,Asia,1.0
740,743,201701,20170101,mobile,0.0,0.0,Direct,Africa,1.0
741,744,201701,20170101,desktop,0.0,0.0,Organic Search,Europe,1.0
742,745,201701,20170101,mobile,0.0,0.0,Organic Search,Americas,1.0
743,746,201701,20170101,desktop,0.0,0.0,Organic Search,Asia,1.0
744,747,201701,20170101,mobile,0.0,0.0,Organic Search,Europe,1.0
745,748,201701,20170101,desktop,0.0,0.0,Organic Search,Americas,1.0
746,749,201701,20170101,mobile,0.0,0.0,Organic Search,Asia,1.0
747,750,201701,20170101,mobile,0.0,0.0,Organic Search,Asia,1.0
748,751,201701,20170101,tablet,0.0,0.0,Direct,Americas,1.0
749,752,201701,20170101,mobile,0.0,0.0,Organic Search,Europe,1.0
750,753,201701,20170101,tablet,0.0,0.0,Organic Search,Europe,1.0
751,754,201701,20170101,mobile,0.0,0.0,Organic Search,Americas,1.0
752,755,201701,20170101,desktop,0.0,0.0,Organic Search,Americas,1.0
753,756,201701,20170101,mobile,0.0,0.0,Organic Search,Americas,1.0
754,757,201701,20170101,mobile,0.0,0.0,Organic Search,Americas,1.0
755,758,201701,20170101,mobile,0.0,0.0,Direct,Europe,1.0
756,759,201701,20170101,tablet,0.0,0.0,Organic Search,Europe,1.0
757,760,201701,20170101,desktop,0.0,0.0,Organic Search,Europe,1.0
758,761,201701,20170101,mobile,0.0,0.0,Direct,Africa,1.0
759,762,201701,20170101,mobile,0.0,0.0,Organic Search,Americas,1.0
760,763,201701,20170101,desktop,0.0,0.0,Direct,Americas,1.0
761,764,201701,20170101,desktop,0.0,0.0,Organic Search,Americas,1.0
762,765,201701,20170101,mobile,0.0,0.0,Organic Search,Americas,1.0
763,766,201701,20170101,mobile,0.0,0.0,Organic Search,Americas,1.0
764,767,201701,20170101,mobile,0.0,0.0,Organic Search,Americas,1.0
765,768,201701,20170101,mobile,0.0,0.0,Organic Search,Europe,1.0
766,769,201701,20170101,mobile,0.0,0.0,Organic Search,Americas,1.0
767,770,201701,20170101,desktop,0.0,0.0,Organic Search,Asia,1.0
768,771,201701,20170101,mobile,0.0,0.0,Organic Search,Asia,1.0
769,772,201701,20170101,mobile,0.0,0.0,Organic Search,Asia,1.0
770,773,201701,20170101,desktop,0.0,0.0,Paid Search,Americas,1.0
771,774,201701,20170101,desktop,0.0,0.0,Organic Search,Europe,1.0
772,775,201701,20170101,mobile,0.0,0.0,Organic Search,Europe,1.0
773,776,201701,20170101,desktop,0.0,0.0,Direct,Americas,1.0
774,777,201701,20170101,desktop,0.0,0.0,Direct,Americas,1.0
775,778,201701,20170101,desktop,0.0,0.0,Direct,Americas,1.0
776,779,201701,20170101,desktop,0.0,0.0,Direct,Americas,1.0
777,780,201701,20170101,tablet,0.0,0.0,Organic Search,Europe,1.0
778,781,201701,20170101,mobile,0.0,0.0,Organic Search,Asia,1.0
779,782,201701,20170101,desktop,0.0,0.0,Organic Search,Europe,1.0
780,783,201701,20170101,desktop,0.0,0.0,Organic Search,Asia,1.0
781,784,201701,20170101,mobile,0.0,0.0,Organic Search,Europe,1.0
782,785,201701,20170101,mobile,0.0,0.0,Organic Search,Asia,1.0
783,786,201701,20170101,desktop,0.0,0.0,Organic Search,Americas,1.0
784,787,201701,20170101,desktop,0.0,0.0,Organic Search,Americas,1.0
785,788,201701,20170101,mobile,0.0,0.0,Organic Search,Africa,1.0
786,789,201701,20170101,desktop,0.0,0.0,Organic Search,Asia,1.0
787,790,201701,20170101,mobile,0.0,0.0,Organic Search,Americas,1.0
788,791,201701,20170101,mobile,0.0,0.0,Organic Search,Americas,1.0
789,792,201701,20170101,desktop,0.0,0.0,Referral,Americas,1.0
790,793,201701,20170101,desktop,0.0,0.0,Direct,Americas,1.0
791,794,201701,20170101,mobile,0.0,0.0,Direct,Europe,1.0
792,795,201701,20170101,mobile,0.0,0.0,Organic Search,Americas,1.0
793,796,201701,20170101,desktop,0.0,0.0,Organic Search,Europe,1.0
794,797,201701,20170101,mobile,0.0,0.0,Organic Search,Americas,1.0
795,798,201701,20170101,desktop,0.0,0.0,Organic Search,Europe,1.0
796,799,201701,20170101,desktop,0.0,0.0,Direct,Americas,1.0
797,800,201701,20170101,mobile,0.0,0.0,Organic Search,Americas,1.0
798,801,201701,20170101,mobile,0.0,0.0,Direct,Americas,1.0
799,802,201701,20170101,mobile,0.0,0.0,Direct,Americas,1.0
800,803,201701,20170101,mobile,0.0,0.0,Direct,Americas,1.0
801,804,201701,20170101,mobile,0.0,0.0,Direct,Americas,1.0
802,805,201701,20170101,mobile,0.0,0.0,Organic Search,Americas,1.0
803,806,201701,20170101,mobile,0.0,0.0,Direct,Americas,1.0
804,807,201701,20170101,mobile,0.0,0.0,Direct,Americas,1.0
805,808,201701,20170101,desktop,0.0,0.0,Direct,Americas,1.0
806,809,201701,20170101,desktop,0.0,0.0,Paid Search,Americas,1.0
807,810,201701,20170101,desktop,0.0,0.0,Organic Search,Americas,1.0
808,811,201701,20170101,mobile,0.0,0.0,Direct,Americas,1.0
809,812,201701,20170101,mobile,0.0,0.0,Direct,Americas,1.0
810,813,201701,20170101,mobile,0.0,0.0,Direct,Americas,1.0
811,814,201701,20170101,desktop,0.0,0.0,Organic Search,Americas,1.0
812,815,201701,20170101,desktop,0.0,0.0,Organic Search,Europe,1.0
813,816,201701,20170101,desktop,0.0,0.0,Direct,Europe,1.0
814,817,201701,20170101,tablet,0.0,0.0,Organic Search,Americas,1.0
815,818,201701,20170101,tablet,0.0,0.0,Referral,Europe,0.0
816,819,201701,20170101,desktop,0.0,0.0,Direct,Asia,0.0
817,820,201701,20170101,mobile,0.0,0.0,Organic Search,Americas,0.0
818,821,201701,20170101,desktop,0.0,0.0,Organic Search,Americas,1.0
819,822,201701,20170101,desktop,0.0,0.0,Organic Search,Asia,0.0
820,823,201701,20170101,desktop,0.0,0.0,Organic Search,Asia,0.0
821,824,201701,20170101,desktop,0.0,0.0,Paid Search,Americas,0.0
822,825,201701,20170101,desktop,0.0,0.0,Organic Search,Asia,0.0
823,826,201701,20170101,desktop,0.0,0.0,Organic Search,Asia,0.0
824,827,201701,20170101,desktop,0.0,0.0,Organic Search,Asia,0.0
825,828,201701,20170101,desktop,0.0,0.0,Organic Search,Asia,0.0
826,829,201701,20170101,desktop,0.0,0.0,Organic Search,Asia,0.0
827,830,201701,20170101,mobile,0.0,0.0,Organic Search,Europe,0.0
828,831,201701,20170101,desktop,0.0,0.0,Direct,Asia,0.0
829,832,201701,20170101,mobile,0.0,0.0,Organic Search,Americas,1.0
830,833,201701,20170101,desktop,0.0,0.0,Organic Search,Americas,0.0
831,834,201701,20170101,mobile,0.0,0.0,Organic Search,Americas,0.0
832,835,201701,20170101,desktop,0.0,0.0,Organic Search,Americas,0.0
833,836,201701,20170101,mobile,0.0,0.0,Referral,Europe,0.0
834,837,201701,20170101,mobile,0.0,0.0,Organic Search,Asia,0.0
835,838,201701,20170101,desktop,0.0,0.0,Organic Search,Americas,0.0
836,839,201701,20170101,mobile,0.0,0.0,Organic Search,Europe,0.0
837,840,201701,20170101,mobile,0.0,0.0,Organic Search,Europe,1.0
838,841,201701,20170101,desktop,0.0,0.0,Organic Search,Americas,0.0
839,842,201701,20170101,desktop,0.0,0.0,Referral,Americas,0.0
840,843,201701,20170101,desktop,0.0,0.0,Organic Search,Europe,1.0
841,844,201701,20170101,desktop,0.0,0.0,Organic Search,Americas,0.0
842,845,201701,20170101,desktop,0.0,0.0,Organic Search,Americas,0.0
843,846,201701,20170101,mobile,0.0,0.0,Organic Search,Americas,0.0
844,847,201701,20170101,desktop,0.0,0.0,Organic Search,Europe,0.0
845,848,201701,20170101,mobile,0.0,0.0,Organic Search,Americas,0.0
846,849,201701,20170101,desktop,0.0,0.0,Organic Search,Asia,0.0
847,850,201701,20170101,mobile,0.0,0.0,Referral,Americas,0.0
848,851,201701,20170101,mobile,0.0,0.0,Organic Search,Americas,0.0
849,852,201701,20170101,mobile,0.0,0.0,Organic Search,Americas,0.0
850,853,201701,20170101,desktop,0.0,0.0,Organic Search,Americas,0.0
851,854,201701,20170101,desktop,0.0,0.0,Organic Search,Europe,1.0
852,855,201701,20170101,desktop,0.0,0.0,Organic Search,Americas,0.0
853,856,201701,20170101,desktop,0.0,0.0,Organic Search,Oceania,0.0
854,857,201701,20170101,mobile,0.0,0.0,Organic Search,Americas,0.0
855,858,201701,20170101,desktop,0.0,0.0,Organic Search,Oceania,0.0
856,859,201701,20170101,desktop,0.0,0.0,Organic Search,Americas,0.0
857,860,201701,20170101,desktop,0.0,0.0,Paid Search,Americas,0.0
858,861,201701,20170101,mobile,0.0,0.0,Referral,Americas,0.0
859,862,201701,20170101,desktop,0.0,0.0,Paid Search,Americas,0.0
860,863,201701,20170101,desktop,0.0,0.0,Organic Search,Americas,0.0
861,864,201701,20170101,mobile,0.0,0.0,Organic Search,Asia,0.0
862,865,201701,20170101,mobile,0.0,0.0,Organic Search,Asia,1.0
863,866,201701,20170101,mobile,0.0,0.0,Referral,Asia,0.0
864,867,201701,20170101,desktop,0.0,0.0,Referral,Asia,0.0
865,868,201701,20170101,mobile,0.0,0.0,Organic Search,Americas,0.0
866,869,201701,20170101,desktop,0.0,0.0,Organic Search,Americas,0.0
867,870,201701,20170101,mobile,0.0,0.0,Direct,Europe,0.0
868,871,201701,20170101,desktop,0.0,0.0,Referral,Americas,0.0
869,872,201701,20170101,desktop,0.0,0.0,Organic Search,Europe,0.0
870,873,201701,20170101,tablet,0.0,0.0,Organic Search,Europe,0.0
871,874,201701,20170101,mobile,0.0,0.0,Paid Search,Americas,0.0
872,875,201701,20170101,mobile,0.0,0.0,Organic Search,Americas,0.0
873,876,201701,20170101,tablet,0.0,0.0,Organic Search,Europe,1.0
874,877,201701,20170101,desktop,0.0,0.0,Referral,Europe,0.0
875,878,201701,20170101,desktop,0.0,0.0,Referral,Americas,0.0
876,879,201701,20170101,desktop,0.0,0.0,Organic Search,Americas,0.0
877,880,201701,20170101,mobile,0.0,0.0,Display,Americas,0.0
878,881,201701,20170101,desktop,0.0,0.0,Referral,Americas,0.0
879,882,201701,20170101,mobile,0.0,0.0,Referral,Asia,0.0
880,883,201701,20170101,desktop,0.0,0.0,Direct,Americas,0.0
881,884,201701,20170101,desktop,0.0,0.0,Direct,Americas,0.0
882,885,201701,20170101,mobile,0.0,0.0,Organic Search,Europe,0.0
883,886,201701,20170101,tablet,0.0,0.0,Direct,Africa,0.0
884,887,201701,20170101,mobile,0.0,0.0,Organic Search,Asia,1.0
885,888,201701,20170101,desktop,0.0,0.0,Referral,Asia,0.0
886,889,201701,20170101,desktop,0.0,0.0,Referral,Americas,0.0
887,890,201701,20170101,desktop,0.0,0.0,Referral,Americas,0.0
888,891,201701,20170101,desktop,0.0,0.0,Referral,Americas,0.0
889,892,201701,20170101,mobile,0.0,0.0,Direct,Americas,0.0
890,893,201701,20170101,mobile,0.0,0.0,Referral,Americas,0.0
891,894,201701,20170101,desktop,0.0,0.0,Referral,Americas,0.0
892,895,201701,20170101,desktop,0.0,0.0,Direct,Americas,0.0
893,896,201701,20170101,mobile,0.0,0.0,Organic Search,Americas,0.0
894,897,201701,20170101,mobile,0.0,0.0,Organic Search,Europe,0.0
895,898,201701,20170101,desktop,0.0,0.0,Direct,Asia,1.0
896,899,201701,20170101,desktop,0.0,0.0,Direct,Americas,0.0
897,900,201701,20170101,mobile,0.0,0.0,Organic Search,Americas,0.0
898,901,201701,20170101,desktop,0.0,0.0,Referral,Americas,0.0
899,902,201701,20170101,desktop,0.0,0.0,Referral,Americas,0.0
900,903,201701,20170101,desktop,0.0,0.0,Referral,Americas,0.0
901,904,201701,20170101,desktop,0.0,0.0,Direct,Africa,0.0
902,905,201701,20170101,desktop,0.0,0.0,Referral,Asia,0.0
903,906,201701,20170101,desktop,0.0,0.0,Referral,Americas,0.0
904,907,201701,20170101,desktop,0.0,0.0,Direct,Americas,0.0
905,908,201701,20170101,desktop,0.0,0.0,Referral,Americas,0.0
906,909,201701,20170101,mobile,0.0,0.0,Organic Search,Asia,1.0
907,910,201701,20170101,desktop,0.0,0.0,Referral,Americas,0.0
908,911,201701,20170101,mobile,0.0,0.0,Direct,Americas,0.0
909,912,201701,20170101,mobile,0.0,0.0,Direct,Americas,0.0
910,913,201701,20170101,desktop,0.0,0.0,Referral,Americas,1.0
911,914,201701,20170101,desktop,0.0,0.0,Direct,Americas,0.0
912,915,201701,20170101,mobile,0.0,0.0,Direct,Americas,0.0
913,916,201701,20170101,desktop,0.0,0.0,Referral,Americas,0.0
914,917,201701,20170101,tablet,0.0,0.0,Direct,Americas,0.0
915,918,201701,20170101,desktop,0.0,0.0,Organic Search,Europe,0.0
916,919,201701,20170101,desktop,0.0,0.0,Organic Search,Americas,0.0
917,920,201701,20170101,mobile,0.0,0.0,Paid Search,Americas,1.0
918,921,201701,20170101,tablet,0.0,0.0,Organic Search,Europe,1.0
919,922,201701,20170101,desktop,0.0,0.0,Organic Search,Europe,0.0
920,923,201701,20170101,mobile,0.0,0.0,Organic Search,Americas,1.0
921,924,201701,20170101,mobile,0.0,0.0,Direct,Africa,0.0
922,925,201701,20170101,desktop,0.0,0.0,Referral,Asia,0.0
923,926,201701,20170101,desktop,0.0,0.0,Direct,Americas,0.0
924,927,201701,20170101,desktop,0.0,0.0,Direct,Americas,0.0
925,928,201701,20170101,mobile,0.0,0.0,Organic Search,Americas,0.0
926,929,201701,20170101,desktop,0.0,0.0,Organic Search,Europe,0.0
927,930,201701,20170101,tablet,0.0,0.0,Organic Search,Americas,0.0
928,931,201701,20170101,desktop,0.0,0.0,Organic Search,Americas,0.0
929,932,201701,20170101,desktop,0.0,0.0,Direct,Asia,1.0
930,933,201701,20170101,mobile,0.0,0.0,Organic Search,Americas,0.0
931,934,201701,20170101,desktop,0.0,0.0,Organic Search,Europe,0.0
932,935,201701,20170101,desktop,0.0,0.0,Organic Search,Europe,0.0
933,936,201701,20170101,desktop,0.0,0.0,Organic Search,Europe,0.0
934,937,201701,20170101,mobile,0.0,0.0,Organic Search,Asia,0.0
935,938,201701,20170101,mobile,0.0,0.0,Organic Search,Europe,0.0
936,939,201701,20170101,mobile,0.0,0.0,Organic Search,Asia,0.0
937,940,201701,20170101,mobile,0.0,0.0,Organic Search,Asia,0.0
938,941,201701,20170101,desktop,0.0,0.0,Organic Search,Americas,0.0
939,942,201701,20170101,mobile,0.0,0.0,Direct,Americas,0.0
940,943,201701,20170101,mobile,0.0,0.0,Organic Search,Europe,1.0
941,944,201701,20170101,mobile,0.0,0.0,Organic Search,Americas,0.0
942,945,201701,20170101,desktop,0.0,0.0,Organic Search,Asia,0.0
943,946,201701,20170101,mobile,0.0,0.0,Organic Search,Americas,0.0
944,947,201701,20170101,tablet,0.0,0.0,Organic Search,Europe,0.0
945,948,201701,20170101,desktop,0.0,0.0,Organic Search,Europe,0.0
946,949,201701,20170101,mobile,0.0,0.0,Organic Search,Americas,0.0
947,950,201701,20170101,mobile,0.0,0.0,Organic Search,Europe,0.0
948,951,201701,20170101,desktop,0.0,0.0,Organic Search,Asia,0.0
949,952,201701,20170101,tablet,0.0,0.0,Organic Search,Americas,0.0
950,953,201701,20170101,mobile,0.0,0.0,Direct,Europe,1.0
951,954,201701,20170101,desktop,0.0,0.0,Direct,Asia,1.0
952,955,201701,20170101,mobile,0.0,0.0,Organic Search,Europe,0.0
953,956,201701,20170101,desktop,0.0,0.0,Organic Search,Americas,0.0
954,957,201701,20170101,mobile,0.0,0.0,Organic Search,Europe,0.0
955,958,201701,20170101,mobile,0.0,0.0,Organic Search,Americas,0.0
956,959,201701,20170101,desktop,0.0,0.0,Direct,Europe,0.0
957,960,201701,20170101,desktop,0.0,0.0,Organic Search,Americas,0.0
958,961,201701,20170101,mobile,0.0,0.0,Organic Search,Asia,0.0
959,962,201701,20170101,desktop,0.0,0.0,Organic Search,Americas,0.0
960,963,201701,20170101,desktop,0.0,0.0,Referral,Asia,0.0
961,964,201701,20170101,mobile,0.0,0.0,Organic Search,Europe,0.0
962,965,201701,20170101,tablet,0.0,0.0,Organic Search,Europe,1.0
963,966,201701,20170101,desktop,0.0,0.0,Organic Search,Americas,0.0
964,967,201701,20170101,desktop,0.0,0.0,Organic Search,Europe,0.0
965,968,201701,20170101,mobile,0.0,0.0,Organic Search,Americas,0.0
966,969,201701,20170101,desktop,0.0,0.0,Organic Search,Americas,0.0
967,970,201701,20170101,tablet,0.0,0.0,Direct,Americas,0.0
968,971,201701,20170101,mobile,0.0,0.0,Direct,Americas,0.0
969,972,201701,20170101,desktop,0.0,0.0,Direct,Americas,0.0
970,973,201701,20170101,desktop,0.0,0.0,Organic Search,Americas,0.0
971,974,201701,20170101,desktop,0.0,0.0,Direct,Europe,0.0
972,975,201701,20170101,desktop,0.0,0.0,Direct,Europe,0.0
973,976,201701,20170101,desktop,0.0,0.0,Organic Search,Asia,1.0
974,977,201701,20170101,desktop,0.0,0.0,Referral,Americas,0.0
975,978,201701,20170101,mobile,0.0,0.0,Organic Search,Americas,0.0
976,979,201701,20170101,mobile,0.0,0.0,Organic Search,Americas,0.0
977,980,201701,20170101,desktop,0.0,0.0,Referral,Americas,0.0
978,981,201701,20170101,mobile,0.0,0.0,Organic Search,Asia,0.0
979,982,201701,20170101,tablet,0.0,0.0,Paid Search,Americas,0.0
980,983,201701,20170101,desktop,0.0,0.0,Organic Search,Americas,0.0
981,984,201701,20170101,mobile,0.0,0.0,Organic Search,Americas,0.0
982,985,201701,20170101,mobile,0.0,0.0,Organic Search,Americas,0.0
983,986,201701,20170101,mobile,0.0,0.0,Organic Search,Asia,0.0
984,987,201701,20170101,mobile,0.0,0.0,Organic Search,Americas,1.0
985,988,201701,20170101,desktop,0.0,0.0,Organic Search,Americas,0.0
986,989,201701,20170101,desktop,0.0,0.0,Paid Search,Americas,0.0
987,990,201701,20170101,desktop,0.0,0.0,Referral,Americas,0.0
988,991,201701,20170101,mobile,0.0,0.0,Direct,Asia,0.0
989,992,201701,20170101,desktop,0.0,0.0,Organic Search,Americas,0.0
990,993,201701,20170101,desktop,0.0,0.0,Organic Search,Asia,0.0
991,994,201701,20170101,desktop,0.0,0.0,Organic Search,Americas,0.0
992,995,201701,20170101,mobile,0.0,0.0,Referral,Americas,0.0
993,996,201701,20170101,mobile,0.0,0.0,Paid Search,Americas,0.0
994,997,201701,20170101,mobile,0.0,0.0,Paid Search,Americas,0.0
995,998,201701,20170101,desktop,0.0,0.0,Organic Search,Asia,1.0
996,999,201701,20170101,mobile,0.0,0.0,Organic Search,Americas,0.0
997,1000,201701,20170101,desktop,0.0,0.0,Paid Search,Americas,0.0
998,1001,201701,20170101,desktop,0.0,0.0,Organic Search,Americas,0.0
999,1002,201701,20170101,desktop,0.0,0.0,Organic Search,Americas,0.0
1000,1003,201701,20170101,desktop,0.0,0.0,Paid Search,Americas,0.0
1001,1004,201701,20170101,mobile,0.0,0.0,Organic Search,Americas,0.0
1002,1005,201701,20170101,desktop,0.0,0.0,Organic Search,Europe,0.0
1003,1006,201701,20170101,mobile,0.0,0.0,Referral,Africa,0.0
1004,1007,201701,20170101,mobile,0.0,0.0,Organic Search,Americas,0.0
1005,1008,201701,20170101,desktop,0.0,0.0,Organic Search,Americas,0.0
1006,1009,201701,20170101,mobile,0.0,0.0,Organic Search,Europe,1.0
1007,1010,201701,20170101,mobile,0.0,0.0,Organic Search,Americas,0.0
1008,1011,201701,20170101,desktop,0.0,0.0,Referral,Europe,0.0
1009,1012,201701,20170101,mobile,0.0,0.0,Referral,Americas,0.0
1010,1013,201701,20170101,mobile,0.0,0.0,Direct,Americas,0.0
1011,1014,201701,20170101,desktop,0.0,0.0,Organic Search,Americas,0.0
1012,1015,201701,20170101,desktop,0.0,0.0,Direct,Asia,0.0
1013,1016,201701,20170101,desktop,0.0,0.0,Direct,Asia,0.0
1014,1017,201701,20170101,desktop,0.0,0.0,Direct,Asia,0.0
1015,1018,201701,20170101,desktop,0.0,0.0,Organic Search,Americas,0.0
1016,1019,201701,20170101,mobile,0.0,0.0,Affiliates,Asia,0.0
1017,1020,201701,20170101,mobile,0.0,0.0,Organic Search,Europe,1.0
1018,1021,201701,20170101,mobile,0.0,0.0,Display,Americas,0.0
1019,1022,201701,20170101,mobile,0.0,0.0,Direct,Americas,0.0
1020,1023,201701,20170101,mobile,0.0,0.0,Direct,Americas,0.0
1021,1024,201701,20170101,desktop,0.0,0.0,Organic Search,Europe,0.0
1022,1025,201701,20170101,mobile,0.0,0.0,Organic Search,Americas,0.0
1023,1026,201701,20170101,desktop,0.0,0.0,Referral,Americas,0.0
1024,1027,201701,20170101,desktop,0.0,0.0,Organic Search,Europe,0.0
1025,1028,201701,20170101,desktop,0.0,0.0,Organic Search,Europe,0.0
1026,1029,201701,20170101,desktop,0.0,0.0,Referral,Americas,0.0
1027,1030,201701,20170101,desktop,0.0,0.0,Referral,Americas,0.0
1028,1031,201701,20170101,desktop,0.0,0.0,Referral,Europe,1.0
1029,1032,201701,20170101,mobile,0.0,0.0,Organic Search,Asia,1.0
1030,1033,201701,20170101,desktop,0.0,0.0,Direct,Americas,0.0
1031,1034,201701,20170101,desktop,0.0,0.0,Referral,Americas,0.0
1032,1035,201701,20170101,mobile,0.0,0.0,Direct,Americas,0.0
1033,1036,201701,20170101,mobile,0.0,0.0,Direct,Americas,0.0
1034,1037,201701,20170101,mobile,0.0,0.0,Direct,Americas,0.0
1035,1038,201701,20170101,mobile,0.0,0.0,Direct,Americas,0.0
1036,1039,201701,20170101,mobile,0.0,0.0,Direct,Americas,0.0
1037,1040,201701,20170101,desktop,0.0,0.0,Direct,Americas,0.0
1038,1041,201701,20170101,desktop,0.0,0.0,Referral,Americas,0.0
1039,1042,201701,20170101,tablet,0.0,0.0,Organic Search,Americas,0.0
1040,1043,201701,20170101,desktop,0.0,0.0,Organic Search,Americas,1.0
1041,1044,201701,20170101,mobile,0.0,0.0,Organic Search,Americas,0.0
1042,1045,201701,20170101,mobile,0.0,0.0,Direct,Asia,0.0
1043,1046,201701,20170101,mobile,0.0,0.0,Organic Search,Americas,0.0
1044,1047,201701,20170101,mobile,0.0,0.0,Organic Search,Americas,0.0
1045,1048,201701,20170101,mobile,0.0,0.0,Organic Search,Americas,0.0
1046,1049,201701,20170101,desktop,0.0,0.0,Organic Search,Oceania,0.0
1047,1050,201701,20170101,mobile,0.0,0.0,Organic Search,Europe,0.0
1048,1051,201701,20170101,mobile,0.0,0.0,Organic Search,Europe,0.0
1049,1052,201701,20170101,desktop,0.0,0.0,Organic Search,Europe,0.0
1050,1053,201701,20170101,mobile,0.0,0.0,Organic Search,Americas,0.0
1051,1054,201701,20170101,desktop,0.0,0.0,Direct,Europe,1.0
1052,1055,201701,20170101,mobile,0.0,0.0,Organic Search,Americas,0.0
1053,1056,201701,20170101,desktop,0.0,0.0,Organic Search,Americas,0.0
1054,1057,201701,20170101,desktop,0.0,0.0,Organic Search,Americas,0.0
1055,1058,201701,20170101,desktop,0.0,0.0,Organic Search,Europe,0.0
1056,1059,201701,20170101,tablet,0.0,0.0,Organic Search,Americas,0.0
1057,1060,201701,20170101,desktop,0.0,0.0,Organic Search,Europe,0.0
1058,1061,201701,20170101,mobile,0.0,0.0,Organic Search,Europe,0.0
1059,1062,201701,20170101,desktop,0.0,0.0,Organic Search,Europe,0.0
1060,1063,201701,20170101,desktop,0.0,0.0,Organic Search,Asia,0.0
1061,1064,201701,20170101,desktop,0.0,0.0,Organic Search,Europe,0.0
1062,1065,201701,20170101,desktop,0.0,0.0,Direct,Europe,1.0
1063,1066,201701,20170101,mobile,0.0,0.0,Organic Search,Asia,0.0
1064,1067,201701,20170101,mobile,0.0,0.0,Organic Search,Americas,0.0
1065,1068,201701,20170101,mobile,0.0,0.0,Organic Search,Europe,0.0
1066,1069,201701,20170101,mobile,0.0,0.0,Organic Search,Americas,0.0
1067,1070,201701,20170101,mobile,0.0,0.0,Paid Search,Americas,0.0
1068,1071,201701,20170101,mobile,0.0,0.0,Organic Search,Asia,0.0
1069,1072,201701,20170101,desktop,0.0,0.0,Organic Search,Americas,0.0
1070,1073,201701,20170101,desktop,0.0,0.0,Referral,Americas,0.0
1071,1074,201701,20170101,tablet,0.0,0.0,Organic Search,Americas,0.0
1072,1075,201701,20170101,mobile,0.0,0.0,Paid Search,Americas,0.0
1073,1076,201701,20170101,mobile,0.0,0.0,Organic Search,Europe,1.0
1074,1077,201701,20170101,mobile,0.0,0.0,Organic Search,Asia,0.0
1075,1078,201701,20170101,tablet,0.0,0.0,Organic Search,Americas,0.0
1076,1079,201701,20170101,desktop,0.0,0.0,Organic Search,Asia,0.0
1077,1080,201701,20170101,mobile,0.0,0.0,Organic Search,Americas,0.0
1078,1081,201701,20170101,desktop,0.0,0.0,Paid Search,Americas,0.0
1079,1082,201701,20170101,tablet,0.0,0.0,Paid Search,Americas,0.0
1080,1083,201701,20170101,mobile,0.0,0.0,Direct,Americas,0.0
1081,1084,201701,20170101,desktop,0.0,0.0,Paid Search,Americas,0.0
1082,1085,201701,20170101,mobile,0.0,0.0,Organic Search,Americas,0.0
1083,1086,201701,20170101,desktop,0.0,0.0,Organic Search,Americas,0.0
1084,1087,201701,20170101,mobile,0.0,0.0,Direct,Americas,1.0
1085,1088,201701,20170101,desktop,0.0,0.0,Organic Search,Americas,0.0
1086,1089,201701,20170101,mobile,0.0,0.0,Direct,Americas,0.0
1087,1090,201701,20170101,desktop,0.0,0.0,Organic Search,Americas,0.0
1088,1091,201701,20170101,desktop,0.0,0.0,Organic Search,Americas,0.0
1089,1092,201701,20170101,mobile,0.0,0.0,Direct,Americas,0.0
1090,1093,201701,20170101,desktop,0.0,0.0,Referral,Americas,0.0
1091,1094,201701,20170101,tablet,0.0,0.0,Referral,Americas,0.0
1092,1095,201701,20170101,desktop,0.0,0.0,Organic Search,Americas,0.0
1093,1096,201701,20170101,desktop,0.0,0.0,Referral,Asia,0.0
1094,1097,201701,20170101,desktop,0.0,0.0,Referral,Americas,0.0
1095,1098,201701,20170101,desktop,0.0,0.0,Organic Search,Europe,1.0
1096,1099,201701,20170101,mobile,0.0,0.0,Referral,Asia,0.0
1097,1100,201701,20170101,desktop,0.0,0.0,Referral,Americas,0.0
1098,1101,201701,20170101,desktop,0.0,0.0,Referral,Americas,0.0
1099,1102,201701,20170101,desktop,0.0,0.0,Referral,Asia,0.0
1100,1103,201701,20170101,desktop,0.0,0.0,Referral,Americas,0.0
1101,1104,201701,20170101,desktop,0.0,0.0,Organic Search,Americas,0.0
1102,1105,201701,20170101,desktop,0.0,0.0,Direct,Americas,0.0
1103,1106,201701,20170101,desktop,0.0,0.0,Direct,Americas,0.0
1104,1107,201701,20170101,desktop,0.0,0.0,Referral,Americas,0.0
1105,1108,201701,20170101,desktop,0.0,0.0,Organic Search,Asia,0.0
1106,1109,201701,20170101,desktop,0.0,0.0,Organic Search,Asia,1.0
1107,1110,201701,20170101,desktop,0.0,0.0,Referral,Americas,0.0
1108,1111,201701,20170101,desktop,0.0,0.0,Organic Search,Americas,0.0
1109,1112,201701,20170101,desktop,0.0,0.0,Referral,Americas,0.0
1110,1113,201701,20170101,desktop,0.0,0.0,Referral,Americas,0.0
1111,1114,201701,20170101,desktop,0.0,0.0,Direct,Americas,0.0
1112,1115,201701,20170101,desktop,0.0,0.0,Direct,Americas,0.0
1113,1116,201701,20170101,desktop,0.0,0.0,Direct,Americas,0.0
1114,1117,201701,20170101,mobile,0.0,0.0,Referral,Africa,0.0
1115,1118,201701,20170101,desktop,0.0,0.0,Organic Search,Americas,0.0
1116,1119,201701,20170101,tablet,0.0,0.0,Organic Search,Europe,0.0
1117,1120,201701,20170101,desktop,0.0,0.0,Organic Search,Europe,1.0
1118,1121,201701,20170101,mobile,0.0,0.0,Organic Search,Americas,0.0
1119,1122,201701,20170101,mobile,0.0,0.0,Direct,Europe,0.0
1120,1123,201701,20170101,mobile,0.0,0.0,Organic Search,Americas,0.0
1121,1124,201701,20170101,mobile,0.0,0.0,Organic Search,Americas,0.0
1122,1125,201701,20170101,desktop,0.0,0.0,Direct,Europe,0.0
1123,1126,201701,20170101,desktop,0.0,0.0,Direct,Europe,0.0
1124,1127,201701,20170101,mobile,0.0,0.0,Organic Search,Europe,0.0
1125,1128,201701,20170101,mobile,0.0,0.0,Organic Search,Asia,0.0
1126,1129,201701,20170101,mobile,0.0,0.0,Direct,Americas,0.0
1127,1130,201701,20170101,mobile,0.0,0.0,Organic Search,Asia,0.0
1128,1131,201701,20170101,mobile,0.0,0.0,Direct,Americas,1.0
1129,1132,201701,20170101,tablet,0.0,0.0,Organic Search,Americas,0.0
1130,1133,201701,20170101,mobile,0.0,0.0,Organic Search,Europe,0.0
1131,1134,201701,20170101,mobile,0.0,0.0,Organic Search,Europe,0.0
1132,1135,201701,20170101,mobile,0.0,0.0,Organic Search,Asia,0.0
1133,1136,201701,20170101,desktop,0.0,0.0,Organic Search,Asia,0.0
1134,1137,201701,20170101,mobile,0.0,0.0,Organic Search,Americas,0.0
1135,1138,201701,20170101,desktop,0.0,0.0,Organic Search,Europe,0.0
1136,1139,201701,20170101,desktop,0.0,0.0,Paid Search,Americas,0.0
1137,1140,201701,20170101,desktop,0.0,0.0,Organic Search,Americas,0.0
1138,1141,201701,20170101,desktop,0.0,0.0,Organic Search,Americas,0.0
1139,1142,201701,20170101,desktop,0.0,0.0,Organic Search,Europe,1.0
1140,1143,201701,20170101,desktop,0.0,0.0,Organic Search,Americas,1.0
1141,1144,201701,20170101,desktop,0.0,0.0,Organic Search,Americas,0.0
1142,1145,201701,20170101,desktop,0.0,0.0,Referral,Americas,0.0
1143,1146,201701,20170101,desktop,0.0,0.0,Organic Search,Europe,0.0
1144,1147,201701,20170101,desktop,0.0,0.0,Organic Search,Americas,0.0
1145,1148,201701,20170101,mobile,0.0,0.0,Organic Search,Americas,0.0
1146,1149,201701,20170101,desktop,0.0,0.0,Organic Search,Americas,0.0
1147,1150,201701,20170101,desktop,0.0,0.0,Organic Search,Americas,0.0
1148,1151,201701,20170101,desktop,0.0,0.0,Organic Search,Americas,0.0
1149,1152,201701,20170101,mobile,0.0,0.0,Organic Search,Americas,0.0
1150,1153,201701,20170101,desktop,0.0,0.0,Organic Search,Americas,0.0
1151,1154,201701,20170101,desktop,0.0,0.0,Organic Search,Asia,1.0
1152,1155,201701,20170101,mobile,0.0,0.0,Organic Search,Americas,0.0
1153,1156,201701,20170101,mobile,0.0,0.0,Organic Search,Americas,0.0
1154,1157,201701,20170101,desktop,0.0,0.0,Organic Search,Europe,0.0
1155,1158,201701,20170101,desktop,0.0,0.0,Referral,Americas,0.0
1156,1159,201701,20170101,desktop,0.0,0.0,Organic Search,Americas,0.0
1157,1160,201701,20170101,desktop,0.0,0.0,Organic Search,Americas,0.0
1158,1161,201701,20170101,mobile,0.0,0.0,Organic Search,Americas,0.0
1159,1162,201701,20170101,desktop,0.0,0.0,Paid Search,Americas,0.0
1160,1163,201701,20170101,mobile,0.0,0.0,Direct,Americas,0.0
1161,1164,201701,20170101,desktop,0.0,0.0,Referral,Americas,0.0
1162,1165,201701,20170101,tablet,0.0,0.0,Organic Search,Europe,1.0
1163,1166,201701,20170101,mobile,0.0,0.0,Organic Search,Americas,0.0
1164,1167,201701,20170101,desktop,0.0,0.0,Referral,Americas,0.0
1165,1168,201701,20170101,tablet,0.0,0.0,Affiliates,Americas,0.0
1166,1169,201701,20170101,mobile,0.0,0.0,Direct,Americas,0.0
1167,1170,201701,20170101,mobile,0.0,0.0,Direct,Americas,0.0
1168,1171,201701,20170101,tablet,0.0,0.0,Direct,Americas,0.0
1169,1172,201701,20170101,tablet,0.0,0.0,Paid Search,Americas,0.0
1170,1173,201701,20170101,desktop,0.0,0.0,Direct,Americas,0.0
1171,1174,201701,20170101,desktop,0.0,0.0,Direct,Americas,0.0
1172,1175,201701,20170101,desktop,0.0,0.0,Referral,Americas,0.0
1173,1176,201701,20170101,desktop,0.0,0.0,Organic Search,Americas,1.0
1174,1177,201701,20170101,desktop,0.0,0.0,Referral,Americas,0.0
1175,1178,201701,20170101,desktop,0.0,0.0,Organic Search,Americas,0.0
1176,1179,201701,20170101,mobile,0.0,0.0,Organic Search,Americas,0.0
1177,1180,201701,20170101,desktop,0.0,0.0,Organic Search,Americas,0.0
1178,1181,201701,20170101,desktop,0.0,0.0,Direct,Americas,0.0
1179,1182,201701,20170101,desktop,0.0,0.0,Organic Search,Americas,0.0
1180,1183,201701,20170101,desktop,0.0,0.0,Organic Search,Oceania,0.0
1181,1184,201701,20170101,desktop,0.0,0.0,Organic Search,Americas,0.0
1182,1185,201701,20170101,desktop,0.0,0.0,Organic Search,Europe,0.0
1183,1186,201701,20170101,mobile,0.0,0.0,Direct,Americas,0.0
1184,1187,201701,20170101,tablet,0.0,0.0,Direct,Europe,1.0
1185,1188,201701,20170101,desktop,0.0,0.0,Organic Search,Europe,0.0
1186,1189,201701,20170101,tablet,0.0,0.0,Direct,Americas,0.0
1187,1190,201701,20170101,desktop,0.0,0.0,Organic Search,Americas,0.0
1188,1191,201701,20170101,mobile,0.0,0.0,Organic Search,Asia,0.0
1189,1192,201701,20170101,desktop,0.0,0.0,Organic Search,Asia,0.0
1190,1193,201701,20170101,desktop,0.0,0.0,Direct,Americas,0.0
1191,1194,201701,20170101,mobile,0.0,0.0,Display,Americas,0.0
1192,1195,201701,20170101,mobile,0.0,0.0,Paid Search,Americas,0.0
1193,1196,201701,20170101,tablet,0.0,0.0,Organic Search,Americas,0.0
1194,1197,201701,20170101,mobile,0.0,0.0,Organic Search,Americas,0.0
1195,1198,201701,20170101,mobile,0.0,0.0,Organic Search,Asia,1.0
1196,1199,201701,20170101,mobile,0.0,0.0,Organic Search,Europe,0.0
1197,1200,201701,20170101,desktop,0.0,0.0,Organic Search,Americas,0.0
1198,1201,201701,20170101,tablet,0.0,0.0,Organic Search,Americas,0.0
1199,1202,201701,20170101,desktop,0.0,0.0,Organic Search,Americas,0.0
1200,1203,201701,20170101,desktop,0.0,0.0,Organic Search,Europe,0.0
1201,1204,201701,20170101,mobile,0.0,0.0,Organic Search,Americas,0.0
1202,1205,201701,20170101,mobile,0.0,0.0,Direct,Americas,0.0
1203,1206,201701,20170101,tablet,0.0,0.0,Paid Search,Americas,0.0
1204,1207,201701,20170101,mobile,0.0,0.0,Referral,Americas,0.0
1205,1208,201701,20170101,desktop,0.0,0.0,Organic Search,Americas,0.0
1206,1209,201701,20170101,mobile,0.0,0.0,Organic Search,Asia,1.0
1207,1210,201701,20170101,desktop,0.0,0.0,Paid Search,Americas,0.0
1208,1211,201701,20170101,desktop,0.0,0.0,Paid Search,Americas,0.0
1209,1212,201701,20170101,tablet,0.0,0.0,Organic Search,Americas,0.0
1210,1213,201701,20170101,desktop,0.0,0.0,Organic Search,Americas,0.0
1211,1214,201701,20170101,desktop,0.0,0.0,Organic Search,Americas,0.0
1212,1215,201701,20170101,mobile,0.0,0.0,Direct,Americas,0.0
1213,1216,201701,20170101,desktop,0.0,0.0,Referral,Asia,0.0
1214,1217,201701,20170101,desktop,0.0,0.0,Organic Search,Americas,0.0
1215,1218,201701,20170101,desktop,0.0,0.0,Organic Search,Asia,0.0
1216,1219,201701,20170101,desktop,0.0,0.0,Direct,Americas,0.0
1217,1220,201701,20170101,desktop,0.0,0.0,Organic Search,Oceania,1.0
1218,1221,201701,20170101,desktop,0.0,0.0,Direct,Americas,0.0
1219,1222,201701,20170101,desktop,0.0,0.0,Referral,Americas,0.0
1220,1223,201701,20170101,desktop,0.0,0.0,Organic Search,Americas,0.0
1221,1224,201701,20170101,desktop,0.0,0.0,Direct,Americas,0.0
1222,1225,201701,20170101,desktop,0.0,0.0,Organic Search,Europe,0.0
1223,1226,201701,20170101,mobile,0.0,0.0,Direct,Africa,0.0
1224,1227,201701,20170101,desktop,0.0,0.0,Direct,Europe,0.0
1225,1228,201701,20170101,desktop,0.0,0.0,Organic Search,Americas,0.0
1226,1229,201701,20170101,tablet,0.0,0.0,Organic Search,Europe,0.0
1227,1230,201701,20170101,desktop,0.0,0.0,Organic Search,Europe,0.0
1228,1231,201701,20170101,mobile,0.0,0.0,Direct,Asia,1.0
1229,1232,201701,20170101,desktop,0.0,0.0,Organic Search,Americas,0.0
1230,1233,201701,20170101,mobile,0.0,0.0,Organic Search,Americas,0.0
1231,1234,201701,20170101,tablet,0.0,0.0,Organic Search,Europe,0.0
1232,1235,201701,20170101,desktop,0.0,0.0,Organic Search,Americas,0.0
1233,1236,201701,20170101,desktop,0.0,0.0,Organic Search,Americas,0.0
1234,1237,201701,20170101,mobile,0.0,0.0,Organic Search,Americas,0.0
1235,1238,201701,20170101,desktop,0.0,0.0,Organic Search,Europe,0.0
1236,1239,201701,20170101,mobile,0.0,0.0,Organic Search,Americas,0.0
1237,1240,201701,20170101,desktop,0.0,0.0,Paid Search,Americas,0.0
1238,1241,201701,20170101,mobile,0.0,0.0,Referral,Europe,0.0
1239,1242,201701,20170101,mobile,0.0,0.0,Direct,Americas,1.0
1240,1243,201701,20170101,desktop,0.0,0.0,Referral,Americas,0.0
1241,1244,201701,20170101,mobile,0.0,0.0,Display,Americas,0.0
1242,1245,201701,20170101,desktop,0.0,0.0,Organic Search,Americas,0.0
1243,1246,201701,20170101,mobile,0.0,0.0,Affiliates,Asia,0.0
1244,1247,201701,20170101,tablet,0.0,0.0,Organic Search,Europe,0.0
1245,1248,201701,20170101,mobile,0.0,0.0,Affiliates,Europe,0.0
1246,1249,201701,20170101,mobile,0.0,0.0,Display,Americas,0.0
1247,1250,201701,20170101,desktop,0.0,0.0,Referral,Americas,0.0
1248,1251,201701,20170101,desktop,0.0,0.0,Referral,Americas,0.0
1249,1252,201701,20170101,desktop,0.0,0.0,Referral,Americas,0.0
1250,1253,201701,20170101,mobile,0.0,0.0,Organic Search,Americas,1.0
1251,1254,201701,20170101,desktop,0.0,0.0,Referral,Europe,1.0
1252,1255,201701,20170101,mobile,0.0,0.0,Direct,Americas,0.0
1253,1256,201701,20170101,desktop,0.0,0.0,Referral,Americas,0.0
1254,1257,201701,20170101,mobile,0.0,0.0,Direct,Americas,0.0
1255,1258,201701,20170101,desktop,0.0,0.0,Direct,Americas,0.0
1256,1259,201701,20170101,desktop,0.0,0.0,Referral,Americas,0.0
1257,1260,201701,20170101,desktop,0.0,0.0,Direct,Americas,0.0
1258,1261,201701,20170101,desktop,0.0,0.0,Organic Search,Americas,0.0
1259,1262,201701,20170101,mobile,0.0,0.0,Organic Search,Americas,0.0
1260,1263,201701,20170101,mobile,0.0,0.0,Organic Search,Oceania,0.0
1261,1264,201701,20170101,tablet,0.0,0.0,Organic Search,Americas,0.0
1262,1265,201701,20170101,desktop,0.0,0.0,Direct,Americas,1.0
1263,1266,201701,20170101,mobile,0.0,0.0,Direct,Americas,0.0
1264,1267,201701,20170101,mobile,0.0,0.0,Paid Search,Americas,0.0
1265,1268,201701,20170101,mobile,0.0,0.0,Direct,Americas,0.0
1266,1269,201701,20170101,mobile,0.0,0.0,Paid Search,Americas,0.0
1267,1270,201701,20170101,mobile,0.0,0.0,Organic Search,Americas,0.0
1268,1271,201701,20170101,desktop,0.0,0.0,Organic Search,Americas,0.0
1269,1272,201701,20170101,mobile,0.0,0.0,Paid Search,Americas,0.0
1270,1273,201701,20170101,mobile,0.0,0.0,Organic Search,Americas,0.0
1271,1274,201701,20170101,mobile,0.0,0.0,Direct,Americas,0.0
1272,1275,201701,20170101,desktop,0.0,0.0,Organic Search,Europe,0.0
1273,1276,201701,20170101,tablet,0.0,0.0,Organic Search,Europe,1.0
1274,1277,201701,20170101,desktop,0.0,0.0,Referral,Asia,0.0
1275,1278,201701,20170101,mobile,0.0,0.0,Direct,Asia,0.0
1276,1279,201701,20170101,desktop,0.0,0.0,Organic Search,Americas,0.0
1277,1280,201701,20170101,mobile,0.0,0.0,Direct,Americas,0.0
1278,1281,201701,20170101,desktop,0.0,0.0,Direct,Americas,0.0
1279,1282,201701,20170101,mobile,0.0,0.0,Referral,Americas,0.0
1280,1283,201701,20170101,desktop,0.0,0.0,Organic Search,Asia,0.0
1281,1284,201701,20170101,mobile,0.0,0.0,Organic Search,Asia,0.0
1282,1285,201701,20170101,mobile,0.0,0.0,Organic Search,Americas,0.0
1283,1286,201701,20170101,desktop,0.0,0.0,Organic Search,Americas,0.0
1284,1287,201701,20170101,desktop,0.0,0.0,Organic Search,Americas,1.0
1285,1288,201701,20170101,mobile,0.0,0.0,Organic Search,Americas,0.0
1286,1289,201701,20170101,mobile,0.0,0.0,Organic Search,Americas,0.0
1287,1290,201701,20170101,desktop,0.0,0.0,Organic Search,Americas,0.0
1288,1291,201701,20170101,desktop,0.0,0.0,Referral,Asia,0.0
1289,1292,201701,20170101,mobile,0.0,0.0,Organic Search,Americas,0.0
1290,1293,201701,20170101,desktop,0.0,0.0,Referral,Americas,0.0
1291,1294,201701,20170101,desktop,0.0,0.0,Referral,Americas,0.0
1292,1295,201701,20170101,desktop,0.0,0.0,Direct,Americas,0.0
1293,1296,201701,20170101,desktop,0.0,0.0,Organic Search,Americas,0.0
1294,1297,201701,20170101,mobile,0.0,0.0,Direct,Americas,0.0
1295,1298,201701,20170101,mobile,0.0,0.0,Organic Search,Asia,1.0
1296,1299,201701,20170101,mobile,0.0,0.0,Direct,Americas,0.0
1297,1300,201701,20170101,mobile,0.0,0.0,Organic Search,Asia,0.0
1298,1301,201701,20170101,mobile,0.0,0.0,Direct,Asia,0.0
1299,1302,201701,20170101,mobile,0.0,0.0,Organic Search,Americas,0.0
1300,1303,201701,20170101,mobile,0.0,0.0,Organic Search,Americas,0.0
1301,1304,201701,20170101,mobile,0.0,0.0,Organic Search,Americas,0.0
1302,1305,201701,20170101,tablet,0.0,0.0,Organic Search,Americas,0.0
1303,1306,201701,20170101,mobile,0.0,0.0,Organic Search,Americas,0.0
1304,1307,201701,20170101,desktop,0.0,0.0,Organic Search,Europe,0.0
1305,1308,201701,20170101,desktop,0.0,0.0,Referral,Asia,0.0
1306,1309,201701,20170101,mobile,0.0,0.0,Paid Search,Americas,1.0
1307,1310,201701,20170101,desktop,0.0,0.0,Referral,Americas,0.0
1308,1311,201701,20170101,mobile,0.0,0.0,Direct,Americas,0.0
1309,1312,201701,20170101,desktop,0.0,0.0,Direct,Americas,0.0
1310,1313,201701,20170101,mobile,0.0,0.0,Direct,Europe,0.0
1311,1314,201701,20170101,mobile,0.0,0.0,Organic Search,Asia,0.0
1312,1315,201701,20170101,desktop,0.0,0.0,Organic Search,Europe,0.0
1313,1316,201701,20170101,tablet,0.0,0.0,Organic Search,Europe,0.0
1314,1317,201701,20170101,desktop,0.0,0.0,Referral,Americas,0.0
1315,1318,201701,20170101,desktop,0.0,0.0,Paid Search,Americas,0.0
1316,1319,201701,20170101,desktop,0.0,0.0,Organic Search,Americas,0.0
1317,1320,201701,20170101,mobile,0.0,0.0,Organic Search,Asia,1.0
1318,1321,201701,20170101,mobile,0.0,0.0,Organic Search,Americas,0.0
1319,1322,201701,20170101,desktop,0.0,0.0,Organic Search,Americas,0.0
1320,1323,201701,20170101,desktop,0.0,0.0,Organic Search,Americas,0.0
1321,1324,201701,20170101,tablet,0.0,0.0,Organic Search,Americas,0.0
1322,1325,201701,20170101,desktop,0.0,0.0,Referral,Asia,0.0
1323,1326,201701,20170101,desktop,0.0,0.0,Referral,Americas,0.0
1324,1327,201701,20170101,desktop,0.0,0.0,Organic Search,Americas,0.0
1325,1328,201701,20170101,desktop,0.0,0.0,Organic Search,Europe,0.0
1326,1329,201701,20170101,mobile,0.0,0.0,Direct,Americas,0.0
1327,1330,201701,20170101,desktop,0.0,0.0,Display,Americas,0.0
1328,1331,201701,20170101,mobile,0.0,0.0,Organic Search,Americas,1.0
1329,1332,201701,20170101,desktop,0.0,0.0,Organic Search,Americas,0.0
1330,1333,201701,20170101,desktop,0.0,0.0,Organic Search,Europe,0.0
1331,1334,201701,20170101,mobile,0.0,0.0,Organic Search,Americas,0.0
1332,1335,201701,20170101,desktop,0.0,0.0,Organic Search,Europe,0.0
1333,1336,201701,20170101,desktop,0.0,0.0,Organic Search,Europe,0.0
1334,1337,201701,20170101,mobile,0.0,0.0,Organic Search,Asia,0.0
1335,1338,201701,20170101,desktop,0.0,0.0,Affiliates,Asia,0.0
1336,1339,201701,20170101,desktop,0.0,0.0,Direct,Americas,0.0
1337,1340,201701,20170101,mobile,0.0,0.0,Organic Search,Americas,0.0
1338,1341,201701,20170101,mobile,0.0,0.0,Organic Search,Americas,0.0
1339,1342,201701,20170101,mobile,0.0,0.0,Organic Search,Americas,1.0
1340,1343,201701,20170101,tablet,0.0,0.0,Organic Search,Americas,0.0
1341,1344,201701,20170101,desktop,0.0,0.0,Referral,Americas,0.0
1342,1345,201701,20170101,desktop,0.0,0.0,Referral,Americas,0.0
1343,1346,201701,20170101,desktop,0.0,0.0,Organic Search,Americas,0.0
1344,1347,201701,20170101,desktop,0.0,0.0,Organic Search,Asia,0.0
1345,1348,201701,20170101,mobile,0.0,0.0,Organic Search,Oceania,0.0
1346,1349,201701,20170101,desktop,0.0,0.0,Organic Search,Europe,0.0
1347,1350,201701,20170101,mobile,0.0,0.0,Direct,Asia,0.0
1348,1351,201701,20170101,mobile,0.0,0.0,Organic Search,Europe,0.0
1349,1352,201701,20170101,desktop,0.0,0.0,Organic Search,Americas,0.0
1350,1353,201701,20170101,desktop,0.0,0.0,Organic Search,Europe,1.0
1351,1354,201701,20170101,mobile,0.0,0.0,Organic Search,Americas,0.0
1352,1355,201701,20170101,tablet,0.0,0.0,Paid Search,Americas,0.0
1353,1356,201701,20170101,desktop,0.0,0.0,Organic Search,Americas,0.0
1354,1357,201701,20170101,mobile,0.0,0.0,Organic Search,Americas,0.0
1355,1358,201701,20170101,desktop,0.0,0.0,Direct,Americas,0.0
1356,1359,201701,20170101,mobile,0.0,0.0,Direct,Europe,0.0
1357,1360,201701,20170101,desktop,0.0,0.0,Organic Search,Americas,0.0
1358,1361,201701,20170101,tablet,0.0,0.0,Direct,Europe,0.0
1359,1362,201701,20170101,mobile,0.0,0.0,Organic Search,Europe,0.0
1360,1363,201701,20170101,desktop,0.0,0.0,Organic Search,Americas,0.0
30,30,201701,20170101,desktop,4.99,1.0,Organic Search,Americas,0.0
37,37,201701,20170101,desktop,27.98,1.0,Organic Search,Americas,0.0
52,52,201701,20170101,desktop,62.99,1.0,Organic Search,Americas,0.0
55,55,201701,20170101,desktop,30.98,1.0,Organic Search,Americas,0.0
84,84,201701,20170101,desktop,44.57,1.0,Referral,Americas,0.0
85,85,201701,20170101,desktop,79.18,1.0,Referral,Americas,0.0
86,86,201701,20170101,desktop,433.07,1.0,Referral,Americas,0.0
88,88,201701,20170101,desktop,83.18,1.0,Referral,Americas,0.0
89,89,201701,20170101,desktop,53.96,1.0,Organic Search,Americas,0.0
93,93,201701,20170101,desktop,18.59,1.0,Referral,Americas,0.0
95,95,201701,20170101,desktop,153.52,1.0,Referral,Americas,0.0
30,30,201701,20170101,desktop,4.99,1.0,Organic Search,Americas,0.0
37,37,201701,20170101,desktop,27.98,1.0,Organic Search,Americas,0.0
52,52,201701,20170101,desktop,62.99,1.0,Organic Search,Americas,0.0
55,55,201701,20170101,desktop,30.98,1.0,Organic Search,Americas,0.0
84,84,201701,20170101,desktop,44.57,1.0,Referral,Americas,0.0
85,85,201701,20170101,desktop,79.18,1.0,Referral,Americas,0.0
86,86,201701,20170101,desktop,433.07,1.0,Referral,Americas,0.0
88,88,201701,20170101,desktop,83.18,1.0,Referral,Americas,0.0
89,89,201701,20170101,desktop,53.96,1.0,Organic Search,Americas,0.0
93,93,201701,20170101,desktop,18.59,1.0,Referral,Americas,0.0
95,95,201701,20170101,desktop,153.52,1.0,Referral,Americas,0.0
30,30,201701,20170101,desktop,4.99,1.0,Organic Search,Americas,0.0
37,37,201701,20170101,desktop,27.98,1.0,Organic Search,Americas,0.0
52,52,201701,20170101,desktop,62.99,1.0,Organic Search,Americas,0.0
55,55,201701,20170101,desktop,30.98,1.0,Organic Search,Americas,0.0
84,84,201701,20170101,desktop,44.57,1.0,Referral,Americas,0.0
85,85,201701,20170101,desktop,79.18,1.0,Referral,Americas,0.0
86,86,201701,20170101,desktop,433.07,1.0,Referral,Americas,0.0
88,88,201701,20170101,desktop,83.18,1.0,Referral,Americas,0.0
89,89,201701,20170101,desktop,53.96,1.0,Organic Search,Americas,0.0
93,93,201701,20170101,desktop,18.59,1.0,Referral,Americas,0.0
95,95,201701,20170101,desktop,153.52,1.0,Referral,Americas,0.0
30,30,201701,20170101,desktop,4.99,1.0,Organic Search,Americas,0.0
37,37,201701,20170101,desktop,27.98,1.0,Organic Search,Americas,0.0
52,52,201701,20170101,desktop,62.99,1.0,Organic Search,Americas,0.0
55,55,201701,20170101,desktop,30.98,1.0,Organic Search,Americas,0.0
84,84,201701,20170101,desktop,44.57,1.0,Referral,Americas,0.0
85,85,201701,20170101,desktop,79.18,1.0,Referral,Americas,0.0
86,86,201701,20170101,desktop,433.07,1.0,Referral,Americas,0.0
88,88,201701,20170101,desktop,83.18,1.0,Referral,Americas,0.0
89,89,201701,20170101,desktop,53.96,1.0,Organic Search,Americas,0.0
93,93,201701,20170101,desktop,18.59,1.0,Referral,Americas,0.0
95,95,201701,20170101,desktop,153.52,1.0,Referral,Americas,0.0
30,30,201701,20170101,desktop,4.99,1.0,Organic Search,Americas,0.0
37,37,201701,20170101,desktop,27.98,1.0,Organic Search,Americas,0.0
52,52,201701,20170101,desktop,62.99,1.0,Organic Search,Americas,0.0
55,55,201701,20170101,desktop,30.98,1.0,Organic Search,Americas,0.0
84,84,201701,20170101,desktop,44.57,1.0,Referral,Americas,0.0
85,85,201701,20170101,desktop,79.18,1.0,Referral,Americas,0.0
86,86,201701,20170101,desktop,433.07,1.0,Referral,Americas,0.0
88,88,201701,20170101,desktop,83.18,1.0,Referral,Americas,0.0
89,89,201701,20170101,desktop,53.96,1.0,Organic Search,Americas,0.0
93,93,201701,20170101,desktop,18.59,1.0,Referral,Americas,0.0
95,95,201701,20170101,desktop,153.52,1.0,Referral,Americas,0.0
30,30,201701,20170101,desktop,4.99,1.0,Organic Search,Americas,0.0
37,37,201701,20170101,desktop,27.98,1.0,Organic Search,Americas,0.0
52,52,201701,20170101,desktop,62.99,1.0,Organic Search,Americas,0.0
55,55,201701,20170101,desktop,30.98,1.0,Organic Search,Americas,0.0
84,84,201701,20170101,desktop,44.57,1.0,Referral,Americas,0.0
85,85,201701,20170101,desktop,79.18,1.0,Referral,Americas,0.0
86,86,201701,20170101,desktop,433.07,1.0,Referral,Americas,0.0
88,88,201701,20170101,desktop,83.18,1.0,Referral,Americas,0.0
89,89,201701,20170101,desktop,53.96,1.0,Organic Search,Americas,0.0
93,93,201701,20170101,desktop,18.59,1.0,Referral,Americas,0.0
95,95,201701,20170101,desktop,153.52,1.0,Referral,Americas,0.0
30,30,201701,20170101,desktop,4.99,1.0,Organic Search,Americas,0.0
37,37,201701,20170101,desktop,27.98,1.0,Organic Search,Americas,0.0
52,52,201701,20170101,desktop,62.99,1.0,Organic Search,Americas,0.0
55,55,201701,20170101,desktop,30.98,1.0,Organic Search,Americas,0.0
84,84,201701,20170101,desktop,44.57,1.0,Referral,Americas,0.0
85,85,201701,20170101,desktop,79.18,1.0,Referral,Americas,0.0
86,86,201701,20170101,desktop,433.07,1.0,Referral,Americas,0.0
88,88,201701,20170101,desktop,83.18,1.0,Referral,Americas,0.0
89,89,201701,20170101,desktop,53.96,1.0,Organic Search,Americas,0.0
93,93,201701,20170101,desktop,18.59,1.0,Referral,Americas,0.0
95,95,201701,20170101,desktop,153.52,1.0,Referral,Americas,0.0
30,30,201701,20170101,desktop,4.99,1.0,Organic Search,Americas,0.0
37,37,201701,20170101,desktop,27.98,1.0,Organic Search,Americas,0.0
52,52,201701,20170101,desktop,62.99,1.0,Organic Search,Americas,0.0
55,55,201701,20170101,desktop,30.98,1.0,Organic Search,Americas,0.0
84,84,201701,20170101,desktop,44.57,1.0,Referral,Americas,0.0
85,85,201701,20170101,desktop,79.18,1.0,Referral,Americas,0.0
86,86,201701,20170101,desktop,433.07,1.0,Referral,Americas,0.0
88,88,201701,20170101,desktop,83.18,1.0,Referral,Americas,0.0
89,89,201701,20170101,desktop,53.96,1.0,Organic Search,Americas,0.0
93,93,201701,20170101,desktop,18.59,1.0,Referral,Americas,0.0
95,95,201701,20170101,desktop,153.52,1.0,Referral,Americas,0.0
30,30,201701,20170101,desktop,4.99,1.0,Organic Search,Americas,0.0
37,37,201701,20170101,desktop,27.98,1.0,Organic Search,Americas,0.0
52,52,201701,20170101,desktop,62.99,1.0,Organic Search,Americas,0.0
55,55,201701,20170101,desktop,30.98,1.0,Organic Search,Americas,0.0
84,84,201701,20170101,desktop,44.57,1.0,Referral,Americas,0.0
85,85,201701,20170101,desktop,79.18,1.0,Referral,Americas,0.0
86,86,201701,20170101,desktop,433.07,1.0,Referral,Americas,0.0
88,88,201701,20170101,desktop,83.18,1.0,Referral,Americas,0.0
89,89,201701,20170101,desktop,53.96,1.0,Organic Search,Americas,0.0
93,93,201701,20170101,desktop,18.59,1.0,Referral,Americas,0.0
95,95,201701,20170101,desktop,153.52,1.0,Referral,Americas,0.0
30,30,201701,20170101,desktop,4.99,1.0,Organic Search,Americas,0.0
37,37,201701,20170101,desktop,27.98,1.0,Organic Search,Americas,0.0
52,52,201701,20170101,desktop,62.99,1.0,Organic Search,Americas,0.0
55,55,201701,20170101,desktop,30.98,1.0,Organic Search,Americas,0.0
84,84,201701,20170101,desktop,44.57,1.0,Referral,Americas,0.0
85,85,201701,20170101,desktop,79.18,1.0,Referral,Americas,0.0
86,86,201701,20170101,desktop,433.07,1.0,Referral,Americas,0.0
88,88,201701,20170101,desktop,83.18,1.0,Referral,Americas,0.0
89,89,201701,20170101,desktop,53.96,1.0,Organic Search,Americas,0.0
93,93,201701,20170101,desktop,18.59,1.0,Referral,Americas,0.0
95,95,201701,20170101,desktop,153.52,1.0,Referral,Americas,0.0
30,30,201701,20170101,desktop,4.99,1.0,Organic Search,Americas,0.0
37,37,201701,20170101,desktop,27.98,1.0,Organic Search,Americas,0.0
52,52,201701,20170101,desktop,62.99,1.0,Organic Search,Americas,0.0
55,55,201701,20170101,desktop,30.98,1.0,Organic Search,Americas,0.0
84,84,201701,20170101,desktop,44.57,1.0,Referral,Americas,0.0
85,85,201701,20170101,desktop,79.18,1.0,Referral,Americas,0.0
86,86,201701,20170101,desktop,433.07,1.0,Referral,Americas,0.0
88,88,201701,20170101,desktop,83.18,1.0,Referral,Americas,0.0
89,89,201701,20170101,desktop,53.96,1.0,Organic Search,Americas,0.0
93,93,201701,20170101,desktop,18.59,1.0,Referral,Americas,0.0
95,95,201701,20170101,desktop,153.52,1.0,Referral,Americas,0.0
30,30,201701,20170101,desktop,4.99,1.0,Organic Search,Americas,0.0
37,37,201701,20170101,desktop,27.98,1.0,Organic Search,Americas,0.0
52,52,201701,20170101,desktop,62.99,1.0,Organic Search,Americas,0.0
55,55,201701,20170101,desktop,30.98,1.0,Organic Search,Americas,0.0
84,84,201701,20170101,desktop,44.57,1.0,Referral,Americas,0.0
85,85,201701,20170101,desktop,79.18,1.0,Referral,Americas,0.0
86,86,201701,20170101,desktop,433.07,1.0,Referral,Americas,0.0
88,88,201701,20170101,desktop,83.18,1.0,Referral,Americas,0.0
89,89,201701,20170101,desktop,53.96,1.0,Organic Search,Americas,0.0
93,93,201701,20170101,desktop,18.59,1.0,Referral,Americas,0.0
95,95,201701,20170101,desktop,153.52,1.0,Referral,Americas,0.0
30,30,201701,20170101,desktop,4.99,1.0,Organic Search,Americas,0.0
37,37,201701,20170101,desktop,27.98,1.0,Organic Search,Americas,0.0
52,52,201701,20170101,desktop,62.99,1.0,Organic Search,Americas,0.0
55,55,201701,20170101,desktop,30.98,1.0,Organic Search,Americas,0.0
84,84,201701,20170101,desktop,44.57,1.0,Referral,Americas,0.0
85,85,201701,20170101,desktop,79.18,1.0,Referral,Americas,0.0
86,86,201701,20170101,desktop,433.07,1.0,Referral,Americas,0.0
88,88,201701,20170101,desktop,83.18,1.0,Referral,Americas,0.0
89,89,201701,20170101,desktop,53.96,1.0,Organic Search,Americas,0.0
93,93,201701,20170101,desktop,18.59,1.0,Referral,Americas,0.0
95,95,201701,20170101,desktop,153.52,1.0,Referral,Americas,0.0
30,30,201701,20170101,desktop,4.99,1.0,Organic Search,Americas,0.0
37,37,201701,20170101,desktop,27.98,1.0,Organic Search,Americas,0.0
52,52,201701,20170101,desktop,62.99,1.0,Organic Search,Americas,0.0
55,55,201701,20170101,desktop,30.98,1.0,Organic Search,Americas,0.0
84,84,201701,20170101,desktop,44.57,1.0,Referral,Americas,0.0
85,85,201701,20170101,desktop,79.18,1.0,Referral,Americas,0.0
86,86,201701,20170101,desktop,433.07,1.0,Referral,Americas,0.0
88,88,201701,20170101,desktop,83.18,1.0,Referral,Americas,0.0
89,89,201701,20170101,desktop,53.96,1.0,Organic Search,Americas,0.0
93,93,201701,20170101,desktop,18.59,1.0,Referral,Americas,0.0
95,95,201701,20170101,desktop,153.52,1.0,Referral,Americas,0.0
30,30,201701,20170101,desktop,4.99,1.0,Organic Search,Americas,0.0
37,37,201701,20170101,desktop,27.98,1.0,Organic Search,Americas,0.0
52,52,201701,20170101,desktop,62.99,1.0,Organic Search,Americas,0.0
55,55,201701,20170101,desktop,30.98,1.0,Organic Search,Americas,0.0
84,84,201701,20170101,desktop,44.57,1.0,Referral,Americas,0.0
85,85,201701,20170101,desktop,79.18,1.0,Referral,Americas,0.0
86,86,201701,20170101,desktop,433.07,1.0,Referral,Americas,0.0
88,88,201701,20170101,desktop,83.18,1.0,Referral,Americas,0.0
89,89,201701,20170101,desktop,53.96,1.0,Organic Search,Americas,0.0
93,93,201701,20170101,desktop,18.59,1.0,Referral,Americas,0.0
95,95,201701,20170101,desktop,153.52,1.0,Referral,Americas,0.0
30,30,201701,20170101,desktop,4.99,1.0,Organic Search,Americas,0.0
37,37,201701,20170101,desktop,27.98,1.0,Organic Search,Americas,0.0
52,52,201701,20170101,desktop,62.99,1.0,Organic Search,Americas,0.0
55,55,201701,20170101,desktop,30.98,1.0,Organic Search,Americas,0.0
84,84,201701,20170101,desktop,44.57,1.0,Referral,Americas,0.0
85,85,201701,20170101,desktop,79.18,1.0,Referral,Americas,0.0
86,86,201701,20170101,desktop,433.07,1.0,Referral,Americas,0.0
88,88,201701,20170101,desktop,83.18,1.0,Referral,Americas,0.0
89,89,201701,20170101,desktop,53.96,1.0,Organic Search,Americas,0.0
93,93,201701,20170101,desktop,18.59,1.0,Referral,Americas,0.0
95,95,201701,20170101,desktop,153.52,1.0,Referral,Americas,0.0
30,30,201701,20170101,desktop,4.99,1.0,Organic Search,Americas,0.0
37,37,201701,20170101,desktop,27.98,1.0,Organic Search,Americas,0.0
52,52,201701,20170101,desktop,62.99,1.0,Organic Search,Americas,0.0
55,55,201701,20170101,desktop,30.98,1.0,Organic Search,Americas,0.0
84,84,201701,20170101,desktop,44.57,1.0,Referral,Americas,0.0
85,85,201701,20170101,desktop,79.18,1.0,Referral,Americas,0.0
86,86,201701,20170101,desktop,433.07,1.0,Referral,Americas,0.0
88,88,201701,20170101,desktop,83.18,1.0,Referral,Americas,0.0
89,89,201701,20170101,desktop,53.96,1.0,Organic Search,Americas,0.0
93,93,201701,20170101,desktop,18.59,1.0,Referral,Americas,0.0
95,95,201701,20170101,desktop,153.52,1.0,Referral,Americas,0.0
30,30,201701,20170101,desktop,4.99,1.0,Organic Search,Americas,0.0
37,37,201701,20170101,desktop,27.98,1.0,Organic Search,Americas,0.0
52,52,201701,20170101,desktop,62.99,1.0,Organic Search,Americas,0.0
55,55,201701,20170101,desktop,30.98,1.0,Organic Search,Americas,0.0
84,84,201701,20170101,desktop,44.57,1.0,Referral,Americas,0.0
85,85,201701,20170101,desktop,79.18,1.0,Referral,Americas,0.0
86,86,201701,20170101,desktop,433.07,1.0,Referral,Americas,0.0
88,88,201701,20170101,desktop,83.18,1.0,Referral,Americas,0.0
89,89,201701,20170101,desktop,53.96,1.0,Organic Search,Americas,0.0
93,93,201701,20170101,desktop,18.59,1.0,Referral,Americas,0.0
95,95,201701,20170101,desktop,153.52,1.0,Referral,Americas,0.0
30,30,201701,20170101,desktop,4.99,1.0,Organic Search,Americas,0.0
37,37,201701,20170101,desktop,27.98,1.0,Organic Search,Americas,0.0
52,52,201701,20170101,desktop,62.99,1.0,Organic Search,Americas,0.0
55,55,201701,20170101,desktop,30.98,1.0,Organic Search,Americas,0.0
84,84,201701,20170101,desktop,44.57,1.0,Referral,Americas,0.0
85,85,201701,20170101,desktop,79.18,1.0,Referral,Americas,0.0
86,86,201701,20170101,desktop,433.07,1.0,Referral,Americas,0.0
88,88,201701,20170101,desktop,83.18,1.0,Referral,Americas,0.0
89,89,201701,20170101,desktop,53.96,1.0,Organic Search,Americas,0.0
93,93,201701,20170101,desktop,18.59,1.0,Referral,Americas,0.0
95,95,201701,20170101,desktop,153.52,1.0,Referral,Americas,0.0
30,30,201701,20170101,desktop,4.99,1.0,Organic Search,Americas,0.0
37,37,201701,20170101,desktop,27.98,1.0,Organic Search,Americas,0.0
52,52,201701,20170101,desktop,62.99,1.0,Organic Search,Americas,0.0
55,55,201701,20170101,desktop,30.98,1.0,Organic Search,Americas,0.0
84,84,201701,20170101,desktop,44.57,1.0,Referral,Americas,0.0
85,85,201701,20170101,desktop,79.18,1.0,Referral,Americas,0.0
86,86,201701,20170101,desktop,433.07,1.0,Referral,Americas,0.0
88,88,201701,20170101,desktop,83.18,1.0,Referral,Americas,0.0
89,89,201701,20170101,desktop,53.96,1.0,Organic Search,Americas,0.0
93,93,201701,20170101,desktop,18.59,1.0,Referral,Americas,0.0
95,95,201701,20170101,desktop,153.52,1.0,Referral,Americas,0.0
30,30,201701,20170101,desktop,4.99,1.0,Organic Search,Americas,0.0
37,37,201701,20170101,desktop,27.98,1.0,Organic Search,Americas,0.0
52,52,201701,20170101,desktop,62.99,1.0,Organic Search,Americas,0.0
55,55,201701,20170101,desktop,30.98,1.0,Organic Search,Americas,0.0
84,84,201701,20170101,desktop,44.57,1.0,Referral,Americas,0.0
85,85,201701,20170101,desktop,79.18,1.0,Referral,Americas,0.0
86,86,201701,20170101,desktop,433.07,1.0,Referral,Americas,0.0
88,88,201701,20170101,desktop,83.18,1.0,Referral,Americas,0.0
89,89,201701,20170101,desktop,53.96,1.0,Organic Search,Americas,0.0
93,93,201701,20170101,desktop,18.59,1.0,Referral,Americas,0.0
95,95,201701,20170101,desktop,153.52,1.0,Referral,Americas,0.0
30,30,201701,20170101,desktop,4.99,1.0,Organic Search,Americas,0.0
37,37,201701,20170101,desktop,27.98,1.0,Organic Search,Americas,0.0
52,52,201701,20170101,desktop,62.99,1.0,Organic Search,Americas,0.0
55,55,201701,20170101,desktop,30.98,1.0,Organic Search,Americas,0.0
84,84,201701,20170101,desktop,44.57,1.0,Referral,Americas,0.0
85,85,201701,20170101,desktop,79.18,1.0,Referral,Americas,0.0
86,86,201701,20170101,desktop,433.07,1.0,Referral,Americas,0.0
88,88,201701,20170101,desktop,83.18,1.0,Referral,Americas,0.0
89,89,201701,20170101,desktop,53.96,1.0,Organic Search,Americas,0.0
93,93,201701,20170101,desktop,18.59,1.0,Referral,Americas,0.0
95,95,201701,20170101,desktop,153.52,1.0,Referral,Americas,0.0
30,30,201701,20170101,desktop,4.99,1.0,Organic Search,Americas,0.0
37,37,201701,20170101,desktop,27.98,1.0,Organic Search,Americas,0.0
52,52,201701,20170101,desktop,62.99,1.0,Organic Search,Americas,0.0
55,55,201701,20170101,desktop,30.98,1.0,Organic Search,Americas,0.0
84,84,201701,20170101,desktop,44.57,1.0,Referral,Americas,0.0
85,85,201701,20170101,desktop,79.18,1.0,Referral,Americas,0.0
86,86,201701,20170101,desktop,433.07,1.0,Referral,Americas,0.0
88,88,201701,20170101,desktop,83.18,1.0,Referral,Americas,0.0
89,89,201701,20170101,desktop,53.96,1.0,Organic Search,Americas,0.0
93,93,201701,20170101,desktop,18.59,1.0,Referral,Americas,0.0
95,95,201701,20170101,desktop,153.52,1.0,Referral,Americas,0.0
30,30,201701,20170101,desktop,4.99,1.0,Organic Search,Americas,0.0
37,37,201701,20170101,desktop,27.98,1.0,Organic Search,Americas,0.0
52,52,201701,20170101,desktop,62.99,1.0,Organic Search,Americas,0.0
55,55,201701,20170101,desktop,30.98,1.0,Organic Search,Americas,0.0
84,84,201701,20170101,desktop,44.57,1.0,Referral,Americas,0.0
85,85,201701,20170101,desktop,79.18,1.0,Referral,Americas,0.0
86,86,201701,20170101,desktop,433.07,1.0,Referral,Americas,0.0
88,88,201701,20170101,desktop,83.18,1.0,Referral,Americas,0.0
89,89,201701,20170101,desktop,53.96,1.0,Organic Search,Americas,0.0
93,93,201701,20170101,desktop,18.59,1.0,Referral,Americas,0.0
95,95,201701,20170101,desktop,153.52,1.0,Referral,Americas,0.0
30,30,201701,20170101,desktop,4.99,1.0,Organic Search,Americas,0.0
37,37,201701,20170101,desktop,27.98,1.0,Organic Search,Americas,0.0
52,52,201701,20170101,desktop,62.99,1.0,Organic Search,Americas,0.0
55,55,201701,20170101,desktop,30.98,1.0,Organic Search,Americas,0.0
84,84,201701,20170101,desktop,44.57,1.0,Referral,Americas,0.0
85,85,201701,20170101,desktop,79.18,1.0,Referral,Americas,0.0
86,86,201701,20170101,desktop,433.07,1.0,Referral,Americas,0.0
88,88,201701,20170101,desktop,83.18,1.0,Referral,Americas,0.0
89,89,201701,20170101,desktop,53.96,1.0,Organic Search,Americas,0.0
93,93,201701,20170101,desktop,18.59,1.0,Referral,Americas,0.0
95,95,201701,20170101,desktop,153.52,1.0,Referral,Americas,0.0
30,30,201701,20170101,desktop,4.99,1.0,Organic Search,Americas,0.0
37,37,201701,20170101,desktop,27.98,1.0,Organic Search,Americas,0.0
52,52,201701,20170101,desktop,62.99,1.0,Organic Search,Americas,0.0
55,55,201701,20170101,desktop,30.98,1.0,Organic Search,Americas,0.0
84,84,201701,20170101,desktop,44.57,1.0,Referral,Americas,0.0
85,85,201701,20170101,desktop,79.18,1.0,Referral,Americas,0.0
86,86,201701,20170101,desktop,433.07,1.0,Referral,Americas,0.0
88,88,201701,20170101,desktop,83.18,1.0,Referral,Americas,0.0
89,89,201701,20170101,desktop,53.96,1.0,Organic Search,Americas,0.0
93,93,201701,20170101,desktop,18.59,1.0,Referral,Americas,0.0
95,95,201701,20170101,desktop,153.52,1.0,Referral,Americas,0.0
30,30,201701,20170101,desktop,4.99,1.0,Organic Search,Americas,0.0
37,37,201701,20170101,desktop,27.98,1.0,Organic Search,Americas,0.0
52,52,201701,20170101,desktop,62.99,1.0,Organic Search,Americas,0.0
55,55,201701,20170101,desktop,30.98,1.0,Organic Search,Americas,0.0
84,84,201701,20170101,desktop,44.57,1.0,Referral,Americas,0.0
85,85,201701,20170101,desktop,79.18,1.0,Referral,Americas,0.0
86,86,201701,20170101,desktop,433.07,1.0,Referral,Americas,0.0
88,88,201701,20170101,desktop,83.18,1.0,Referral,Americas,0.0
89,89,201701,20170101,desktop,53.96,1.0,Organic Search,Americas,0.0
93,93,201701,20170101,desktop,18.59,1.0,Referral,Americas,0.0
95,95,201701,20170101,desktop,153.52,1.0,Referral,Americas,0.0
30,30,201701,20170101,desktop,4.99,1.0,Organic Search,Americas,0.0
37,37,201701,20170101,desktop,27.98,1.0,Organic Search,Americas,0.0
52,52,201701,20170101,desktop,62.99,1.0,Organic Search,Americas,0.0
55,55,201701,20170101,desktop,30.98,1.0,Organic Search,Americas,0.0
84,84,201701,20170101,desktop,44.57,1.0,Referral,Americas,0.0
85,85,201701,20170101,desktop,79.18,1.0,Referral,Americas,0.0
86,86,201701,20170101,desktop,433.07,1.0,Referral,Americas,0.0
88,88,201701,20170101,desktop,83.18,1.0,Referral,Americas,0.0
89,89,201701,20170101,desktop,53.96,1.0,Organic Search,Americas,0.0
93,93,201701,20170101,desktop,18.59,1.0,Referral,Americas,0.0
95,95,201701,20170101,desktop,153.52,1.0,Referral,Americas,0.0
30,30,201701,20170101,desktop,4.99,1.0,Organic Search,Americas,0.0
37,37,201701,20170101,desktop,27.98,1.0,Organic Search,Americas,0.0
52,52,201701,20170101,desktop,62.99,1.0,Organic Search,Americas,0.0
55,55,201701,20170101,desktop,30.98,1.0,Organic Search,Americas,0.0
84,84,201701,20170101,desktop,44.57,1.0,Referral,Americas,0.0
85,85,201701,20170101,desktop,79.18,1.0,Referral,Americas,0.0
86,86,201701,20170101,desktop,433.07,1.0,Referral,Americas,0.0
88,88,201701,20170101,desktop,83.18,1.0,Referral,Americas,0.0
89,89,201701,20170101,desktop,53.96,1.0,Organic Search,Americas,0.0
93,93,201701,20170101,desktop,18.59,1.0,Referral,Americas,0.0
95,95,201701,20170101,desktop,153.52,1.0,Referral,Americas,0.0
30,30,201701,20170101,desktop,4.99,1.0,Organic Search,Americas,0.0
37,37,201701,20170101,desktop,27.98,1.0,Organic Search,Americas,0.0
52,52,201701,20170101,desktop,62.99,1.0,Organic Search,Americas,0.0
55,55,201701,20170101,desktop,30.98,1.0,Organic Search,Americas,0.0
84,84,201701,20170101,desktop,44.57,1.0,Referral,Americas,0.0
85,85,201701,20170101,desktop,79.18,1.0,Referral,Americas,0.0
86,86,201701,20170101,desktop,433.07,1.0,Referral,Americas,0.0
88,88,201701,20170101,desktop,83.18,1.0,Referral,Americas,0.0
89,89,201701,20170101,desktop,53.96,1.0,Organic Search,Americas,0.0
93,93,201701,20170101,desktop,18.59,1.0,Referral,Americas,0.0
95,95,201701,20170101,desktop,153.52,1.0,Referral,Americas,0.0
30,30,201701,20170101,desktop,4.99,1.0,Organic Search,Americas,0.0
37,37,201701,20170101,desktop,27.98,1.0,Organic Search,Americas,0.0
52,52,201701,20170101,desktop,62.99,1.0,Organic Search,Americas,0.0
55,55,201701,20170101,desktop,30.98,1.0,Organic Search,Americas,0.0
84,84,201701,20170101,desktop,44.57,1.0,Referral,Americas,0.0
85,85,201701,20170101,desktop,79.18,1.0,Referral,Americas,0.0
86,86,201701,20170101,desktop,433.07,1.0,Referral,Americas,0.0
88,88,201701,20170101,desktop,83.18,1.0,Referral,Americas,0.0
89,89,201701,20170101,desktop,53.96,1.0,Organic Search,Americas,0.0
93,93,201701,20170101,desktop,18.59,1.0,Referral,Americas,0.0
95,95,201701,20170101,desktop,153.52,1.0,Referral,Americas,0.0
30,30,201701,20170101,desktop,4.99,1.0,Organic Search,Americas,0.0
37,37,201701,20170101,desktop,27.98,1.0,Organic Search,Americas,0.0
52,52,201701,20170101,desktop,62.99,1.0,Organic Search,Americas,0.0
55,55,201701,20170101,desktop,30.98,1.0,Organic Search,Americas,0.0
84,84,201701,20170101,desktop,44.57,1.0,Referral,Americas,0.0
85,85,201701,20170101,desktop,79.18,1.0,Referral,Americas,0.0
86,86,201701,20170101,desktop,433.07,1.0,Referral,Americas,0.0
88,88,201701,20170101,desktop,83.18,1.0,Referral,Americas,0.0
89,89,201701,20170101,desktop,53.96,1.0,Organic Search,Americas,0.0
93,93,201701,20170101,desktop,18.59,1.0,Referral,Americas,0.0
95,95,201701,20170101,desktop,153.52,1.0,Referral,Americas,0.0
30,30,201701,20170101,desktop,4.99,1.0,Organic Search,Americas,0.0
37,37,201701,20170101,desktop,27.98,1.0,Organic Search,Americas,0.0
52,52,201701,20170101,desktop,62.99,1.0,Organic Search,Americas,0.0
55,55,201701,20170101,desktop,30.98,1.0,Organic Search,Americas,0.0
84,84,201701,20170101,desktop,44.57,1.0,Referral,Americas,0.0
85,85,201701,20170101,desktop,79.18,1.0,Referral,Americas,0.0
86,86,201701,20170101,desktop,433.07,1.0,Referral,Americas,0.0
88,88,201701,20170101,desktop,83.18,1.0,Referral,Americas,0.0
89,89,201701,20170101,desktop,53.96,1.0,Organic Search,Americas,0.0
93,93,201701,20170101,desktop,18.59,1.0,Referral,Americas,0.0
95,95,201701,20170101,desktop,153.52,1.0,Referral,Americas,0.0
30,30,201701,20170101,desktop,4.99,1.0,Organic Search,Americas,0.0
37,37,201701,20170101,desktop,27.98,1.0,Organic Search,Americas,0.0
52,52,201701,20170101,desktop,62.99,1.0,Organic Search,Americas,0.0
55,55,201701,20170101,desktop,30.98,1.0,Organic Search,Americas,0.0
84,84,201701,20170101,desktop,44.57,1.0,Referral,Americas,0.0
85,85,201701,20170101,desktop,79.18,1.0,Referral,Americas,0.0
86,86,201701,20170101,desktop,433.07,1.0,Referral,Americas,0.0
88,88,201701,20170101,desktop,83.18,1.0,Referral,Americas,0.0
89,89,201701,20170101,desktop,53.96,1.0,Organic Search,Americas,0.0
93,93,201701,20170101,desktop,18.59,1.0,Referral,Americas,0.0
95,95,201701,20170101,desktop,153.52,1.0,Referral,Americas,0.0
30,30,201701,20170101,desktop,4.99,1.0,Organic Search,Americas,0.0
37,37,201701,20170101,desktop,27.98,1.0,Organic Search,Americas,0.0
52,52,201701,20170101,desktop,62.99,1.0,Organic Search,Americas,0.0
55,55,201701,20170101,desktop,30.98,1.0,Organic Search,Americas,0.0
84,84,201701,20170101,desktop,44.57,1.0,Referral,Americas,0.0
85,85,201701,20170101,desktop,79.18,1.0,Referral,Americas,0.0
86,86,201701,20170101,desktop,433.07,1.0,Referral,Americas,0.0
88,88,201701,20170101,desktop,83.18,1.0,Referral,Americas,0.0
89,89,201701,20170101,desktop,53.96,1.0,Organic Search,Americas,0.0
93,93,201701,20170101,desktop,18.59,1.0,Referral,Americas,0.0
95,95,201701,20170101,desktop,153.52,1.0,Referral,Americas,0.0
30,30,201701,20170101,desktop,4.99,1.0,Organic Search,Americas,0.0
37,37,201701,20170101,desktop,27.98,1.0,Organic Search,Americas,0.0
52,52,201701,20170101,desktop,62.99,1.0,Organic Search,Americas,0.0
55,55,201701,20170101,desktop,30.98,1.0,Organic Search,Americas,0.0
84,84,201701,20170101,desktop,44.57,1.0,Referral,Americas,0.0
85,85,201701,20170101,desktop,79.18,1.0,Referral,Americas,0.0
86,86,201701,20170101,desktop,433.07,1.0,Referral,Americas,0.0
88,88,201701,20170101,desktop,83.18,1.0,Referral,Americas,0.0
89,89,201701,20170101,desktop,53.96,1.0,Organic Search,Americas,0.0
93,93,201701,20170101,desktop,18.59,1.0,Referral,Americas,0.0
95,95,201701,20170101,desktop,153.52,1.0,Referral,Americas,0.0
30,30,201701,20170101,desktop,4.99,1.0,Organic Search,Americas,0.0
37,37,201701,20170101,desktop,27.98,1.0,Organic Search,Americas,0.0
52,52,201701,20170101,desktop,62.99,1.0,Organic Search,Americas,0.0
55,55,201701,20170101,desktop,30.98,1.0,Organic Search,Americas,0.0
84,84,201701,20170101,desktop,44.57,1.0,Referral,Americas,0.0
85,85,201701,20170101,desktop,79.18,1.0,Referral,Americas,0.0
86,86,201701,20170101,desktop,433.07,1.0,Referral,Americas,0.0
88,88,201701,20170101,desktop,83.18,1.0,Referral,Americas,0.0
89,89,201701,20170101,desktop,53.96,1.0,Organic Search,Americas,0.0
93,93,201701,20170101,desktop,18.59,1.0,Referral,Americas,0.0
95,95,201701,20170101,desktop,153.52,1.0,Referral,Americas,0.0
30,30,201701,20170101,desktop,4.99,1.0,Organic Search,Americas,0.0
37,37,201701,20170101,desktop,27.98,1.0,Organic Search,Americas,0.0
52,52,201701,20170101,desktop,62.99,1.0,Organic Search,Americas,0.0
55,55,201701,20170101,desktop,30.98,1.0,Organic Search,Americas,0.0
84,84,201701,20170101,desktop,44.57,1.0,Referral,Americas,0.0
85,85,201701,20170101,desktop,79.18,1.0,Referral,Americas,0.0
86,86,201701,20170101,desktop,433.07,1.0,Referral,Americas,0.0
88,88,201701,20170101,desktop,83.18,1.0,Referral,Americas,0.0
89,89,201701,20170101,desktop,53.96,1.0,Organic Search,Americas,0.0
93,93,201701,20170101,desktop,18.59,1.0,Referral,Americas,0.0
95,95,201701,20170101,desktop,153.52,1.0,Referral,Americas,0.0
30,30,201701,20170101,desktop,4.99,1.0,Organic Search,Americas,0.0
37,37,201701,20170101,desktop,27.98,1.0,Organic Search,Americas,0.0
52,52,201701,20170101,desktop,62.99,1.0,Organic Search,Americas,0.0
55,55,201701,20170101,desktop,30.98,1.0,Organic Search,Americas,0.0
84,84,201701,20170101,desktop,44.57,1.0,Referral,Americas,0.0
85,85,201701,20170101,desktop,79.18,1.0,Referral,Americas,0.0
86,86,201701,20170101,desktop,433.07,1.0,Referral,Americas,0.0
88,88,201701,20170101,desktop,83.18,1.0,Referral,Americas,0.0
89,89,201701,20170101,desktop,53.96,1.0,Organic Search,Americas,0.0
93,93,201701,20170101,desktop,18.59,1.0,Referral,Americas,0.0
95,95,201701,20170101,desktop,153.52,1.0,Referral,Americas,0.0
30,30,201701,20170101,desktop,4.99,1.0,Organic Search,Americas,0.0
37,37,201701,20170101,desktop,27.98,1.0,Organic Search,Americas,0.0
52,52,201701,20170101,desktop,62.99,1.0,Organic Search,Americas,0.0
55,55,201701,20170101,desktop,30.98,1.0,Organic Search,Americas,0.0
84,84,201701,20170101,desktop,44.57,1.0,Referral,Americas,0.0
85,85,201701,20170101,desktop,79.18,1.0,Referral,Americas,0.0
86,86,201701,20170101,desktop,433.07,1.0,Referral,Americas,0.0
88,88,201701,20170101,desktop,83.18,1.0,Referral,Americas,0.0
89,89,201701,20170101,desktop,53.96,1.0,Organic Search,Americas,0.0
93,93,201701,20170101,desktop,18.59,1.0,Referral,Americas,0.0
95,95,201701,20170101,desktop,153.52,1.0,Referral,Americas,0.0
30,30,201701,20170101,desktop,4.99,1.0,Organic Search,Americas,0.0
37,37,201701,20170101,desktop,27.98,1.0,Organic Search,Americas,0.0
52,52,201701,20170101,desktop,62.99,1.0,Organic Search,Americas,0.0
55,55,201701,20170101,desktop,30.98,1.0,Organic Search,Americas,0.0
84,84,201701,20170101,desktop,44.57,1.0,Referral,Americas,0.0
85,85,201701,20170101,desktop,79.18,1.0,Referral,Americas,0.0
86,86,201701,20170101,desktop,433.07,1.0,Referral,Americas,0.0
88,88,201701,20170101,desktop,83.18,1.0,Referral,Americas,0.0
89,89,201701,20170101,desktop,53.96,1.0,Organic Search,Americas,0.0
93,93,201701,20170101,desktop,18.59,1.0,Referral,Americas,0.0
95,95,201701,20170101,desktop,153.52,1.0,Referral,Americas,0.0
30,30,201701,20170101,desktop,4.99,1.0,Organic Search,Americas,0.0
37,37,201701,20170101,desktop,27.98,1.0,Organic Search,Americas,0.0
52,52,201701,20170101,desktop,62.99,1.0,Organic Search,Americas,0.0
55,55,201701,20170101,desktop,30.98,1.0,Organic Search,Americas,0.0
84,84,201701,20170101,desktop,44.57,1.0,Referral,Americas,0.0
85,85,201701,20170101,desktop,79.18,1.0,Referral,Americas,0.0
86,86,201701,20170101,desktop,433.07,1.0,Referral,Americas,0.0
88,88,201701,20170101,desktop,83.18,1.0,Referral,Americas,0.0
89,89,201701,20170101,desktop,53.96,1.0,Organic Search,Americas,0.0
93,93,201701,20170101,desktop,18.59,1.0,Referral,Americas,0.0
95,95,201701,20170101,desktop,153.52,1.0,Referral,Americas,0.0
30,30,201701,20170101,desktop,4.99,1.0,Organic Search,Americas,0.0
37,37,201701,20170101,desktop,27.98,1.0,Organic Search,Americas,0.0
52,52,201701,20170101,desktop,62.99,1.0,Organic Search,Americas,0.0
55,55,201701,20170101,desktop,30.98,1.0,Organic Search,Americas,0.0
84,84,201701,20170101,desktop,44.57,1.0,Referral,Americas,0.0
85,85,201701,20170101,desktop,79.18,1.0,Referral,Americas,0.0
86,86,201701,20170101,desktop,433.07,1.0,Referral,Americas,0.0
88,88,201701,20170101,desktop,83.18,1.0,Referral,Americas,0.0
89,89,201701,20170101,desktop,53.96,1.0,Organic Search,Americas,0.0
93,93,201701,20170101,desktop,18.59,1.0,Referral,Americas,0.0
95,95,201701,20170101,desktop,153.52,1.0,Referral,Americas,0.0
30,30,201701,20170101,desktop,4.99,1.0,Organic Search,Americas,0.0
37,37,201701,20170101,desktop,27.98,1.0,Organic Search,Americas,0.0
52,52,201701,20170101,desktop,62.99,1.0,Organic Search,Americas,0.0
55,55,201701,20170101,desktop,30.98,1.0,Organic Search,Americas,0.0
84,84,201701,20170101,desktop,44.57,1.0,Referral,Americas,0.0
85,85,201701,20170101,desktop,79.18,1.0,Referral,Americas,0.0
86,86,201701,20170101,desktop,433.07,1.0,Referral,Americas,0.0
88,88,201701,20170101,desktop,83.18,1.0,Referral,Americas,0.0
89,89,201701,20170101,desktop,53.96,1.0,Organic Search,Americas,0.0
93,93,201701,20170101,desktop,18.59,1.0,Referral,Americas,0.0
95,95,201701,20170101,desktop,153.52,1.0,Referral,Americas,0.0
30,30,201701,20170101,desktop,4.99,1.0,Organic Search,Americas,0.0
37,37,201701,20170101,desktop,27.98,1.0,Organic Search,Americas,0.0
52,52,201701,20170101,desktop,62.99,1.0,Organic Search,Americas,0.0
55,55,201701,20170101,desktop,30.98,1.0,Organic Search,Americas,0.0
84,84,201701,20170101,desktop,44.57,1.0,Referral,Americas,0.0
85,85,201701,20170101,desktop,79.18,1.0,Referral,Americas,0.0
86,86,201701,20170101,desktop,433.07,1.0,Referral,Americas,0.0
88,88,201701,20170101,desktop,83.18,1.0,Referral,Americas,0.0
89,89,201701,20170101,desktop,53.96,1.0,Organic Search,Americas,0.0
93,93,201701,20170101,desktop,18.59,1.0,Referral,Americas,0.0
95,95,201701,20170101,desktop,153.52,1.0,Referral,Americas,0.0
30,30,201701,20170101,desktop,4.99,1.0,Organic Search,Americas,0.0
37,37,201701,20170101,desktop,27.98,1.0,Organic Search,Americas,0.0
52,52,201701,20170101,desktop,62.99,1.0,Organic Search,Americas,0.0
55,55,201701,20170101,desktop,30.98,1.0,Organic Search,Americas,0.0
84,84,201701,20170101,desktop,44.57,1.0,Referral,Americas,0.0
85,85,201701,20170101,desktop,79.18,1.0,Referral,Americas,0.0
86,86,201701,20170101,desktop,433.07,1.0,Referral,Americas,0.0
88,88,201701,20170101,desktop,83.18,1.0,Referral,Americas,0.0
89,89,201701,20170101,desktop,53.96,1.0,Organic Search,Americas,0.0
93,93,201701,20170101,desktop,18.59,1.0,Referral,Americas,0.0
95,95,201701,20170101,desktop,153.52,1.0,Referral,Americas,0.0
30,30,201701,20170101,desktop,4.99,1.0,Organic Search,Americas,0.0
37,37,201701,20170101,desktop,27.98,1.0,Organic Search,Americas,0.0
52,52,201701,20170101,desktop,62.99,1.0,Organic Search,Americas,0.0
55,55,201701,20170101,desktop,30.98,1.0,Organic Search,Americas,0.0
84,84,201701,20170101,desktop,44.57,1.0,Referral,Americas,0.0
85,85,201701,20170101,desktop,79.18,1.0,Referral,Americas,0.0
86,86,201701,20170101,desktop,433.07,1.0,Referral,Americas,0.0
88,88,201701,20170101,desktop,83.18,1.0,Referral,Americas,0.0
89,89,201701,20170101,desktop,53.96,1.0,Organic Search,Americas,0.0
93,93,201701,20170101,desktop,18.59,1.0,Referral,Americas,0.0
95,95,201701,20170101,desktop,153.52,1.0,Referral,Americas,0.0
30,30,201701,20170101,desktop,4.99,1.0,Organic Search,Americas,0.0
37,37,201701,20170101,desktop,27.98,1.0,Organic Search,Americas,0.0
52,52,201701,20170101,desktop,62.99,1.0,Organic Search,Americas,0.0
55,55,201701,20170101,desktop,30.98,1.0,Organic Search,Americas,0.0
84,84,201701,20170101,desktop,44.57,1.0,Referral,Americas,0.0
85,85,201701,20170101,desktop,79.18,1.0,Referral,Americas,0.0
86,86,201701,20170101,desktop,433.07,1.0,Referral,Americas,0.0
88,88,201701,20170101,desktop,83.18,1.0,Referral,Americas,0.0
89,89,201701,20170101,desktop,53.96,1.0,Organic Search,Americas,0.0
93,93,201701,20170101,desktop,18.59,1.0,Referral,Americas,0.0
95,95,201701,20170101,desktop,153.52,1.0,Referral,Americas,0.0
30,30,201701,20170101,desktop,4.99,1.0,Organic Search,Americas,0.0
37,37,201701,20170101,desktop,27.98,1.0,Organic Search,Americas,0.0
52,52,201701,20170101,desktop,62.99,1.0,Organic Search,Americas,0.0
55,55,201701,20170101,desktop,30.98,1.0,Organic Search,Americas,0.0
84,84,201701,20170101,desktop,44.57,1.0,Referral,Americas,0.0
85,85,201701,20170101,desktop,79.18,1.0,Referral,Americas,0.0
86,86,201701,20170101,desktop,433.07,1.0,Referral,Americas,0.0
88,88,201701,20170101,desktop,83.18,1.0,Referral,Americas,0.0
89,89,201701,20170101,desktop,53.96,1.0,Organic Search,Americas,0.0
93,93,201701,20170101,desktop,18.59,1.0,Referral,Americas,0.0
95,95,201701,20170101,desktop,153.52,1.0,Referral,Americas,0.0
